1770810448025 800.0 800
1770810541858 1600.0 1600
1770810636719 2400.0 2400
1770810731220 3200.0 3200
1770810824126 4000.0 4000
1770810918952 4800.0 4800
1770811015257 5600.0 5600
1770811108309 6400.0 6400
1770811203040 7200.0 7200
1770811298697 8000.0 8000
1770811391846 8800.0 8800
1770811486952 9600.0 9600
1770811582800 10400.0 10400
1770811675830 11200.0 11200
1770811770371 12000.0 12000
1770811865296 12800.0 12800
1770811960088 13600.0 13600
1770812054770 14400.0 14400
1770812149805 15200.0 15200
1770812245954 16000.0 16000
1770812344130 16800.0 16800
1770812438969 17600.0 17600
1770812534003 18400.0 18400
1770812629207 19200.0 19200
1770812727539 20000.0 20000
1770812820866 20800.0 20800
1770812914031 21600.0 21600
1770813010029 22400.0 22400
1770813105961 23200.0 23200
1770813201972 24000.0 24000
1770813297466 24800.0 24800
1770813391009 25600.0 25600
1770813486340 26400.0 26400
1770813581635 27200.0 27200
1770813677251 28000.0 28000
1770813772253 28800.0 28800
1770813865949 29600.0 29600
1770813959791 30400.0 30400
1770814055309 31200.0 31200
1770814150864 32000.0 32000
1770814246432 32800.0 32800
1770814342115 33600.0 33600
1770814437755 34400.0 34400
1770814533408 35200.0 35200
1770814628836 36000.0 36000
1770814723210 36800.0 36800
1770814817074 37600.0 37600
1770814912630 38400.0 38400
1770815008452 39200.0 39200
1770815105123 40000.0 40000
1770815201782 40800.0 40800
1770815302078 41600.0 41600
1770815397785 42400.0 42400
1770815496754 43200.0 43200
1770815592503 44000.0 44000
1770815686610 44800.0 44800
1770815782493 45600.0 45600
1770815881716 46400.0 46400
1770815977763 47200.0 47200
1770816073567 48000.0 48000
1770816169601 48800.0 48800
1770816265600 49600.0 49600
1770816361761 50400.0 50400
1770816458099 51200.0 51200
1770816554224 52000.0 52000
1770816653296 52800.0 52800
1770816747966 53600.0 53600
1770816844286 54400.0 54400
1770816940247 55200.0 55200
1770817037719 56000.0 56000
1770817134123 56800.0 56800
1770817231145 57600.0 57600
1770817325804 58400.0 58400
1770817422679 59200.0 59200
1770817518879 60000.0 60000
1770817618448 60800.0 60800
1770817713240 61600.0 61600
1770817809892 62400.0 62400
1770817906773 63200.0 63200
1770818006363 64000.0 64000
1770818104430 64800.0 64800
1770818205370 65600.0 65600
1770818302037 66400.0 66400
1770818398411 67200.0 67200
1770818495264 68000.0 68000
1770818595287 68800.0 68800
1770818695145 69600.0 69600
1770818792122 70400.0 70400
1770818888920 71200.0 71200
1770818988852 72000.0 72000
1770819088924 72800.0 72800
1770819189183 73600.0 73600
1770819286085 74400.0 74400
1770819383356 75200.0 75200
1770819479918 76000.0 76000
1770819577419 76800.0 76800
1770819674751 77600.0 77600
1770819771683 78400.0 78400
1770819868899 79200.0 79200
1770819965867 80000.0 80000
1770820063933 80800.0 80800
1770820161052 81600.0 81600
1770820258299 82400.0 82400
1770820356504 83200.0 83200
1770820453821 84000.0 84000
1770820549500 84800.0 84800
1770820650184 85600.0 85600
1770820750529 86400.0 86400
1770820848127 87200.0 87200
1770820948902 88000.0 88000
1770821044549 88800.0 88800
1770821141475 89600.0 89600
1770821239261 90400.0 90400
1770821336684 91200.0 91200
1770821435240 92000.0 92000
1770821535754 92800.0 92800
1770821636839 93600.0 93600
1770821734534 94400.0 94400
1770821831878 95200.0 95200
1770821932344 96000.0 96000
1770822030839 96800.0 96800
1770822128620 97600.0 97600
1770822226661 98400.0 98400
1770822323017 99200.0 99200
1770822420597 100000.0 100000
