1770810336128 1e-05 0
1770810338776 1e-05 50
1770810341365 1e-05 100
1770810343920 1e-05 150
1770810346284 1e-05 200
1770810348474 1e-05 250
1770810350640 1e-05 300
1770810352565 1e-05 350
1770810354568 1e-05 400
1770810356387 1e-05 450
1770810358267 1e-05 500
1770810360044 1e-05 550
1770810361903 1e-05 600
1770810363821 1e-05 650
1770810365532 1e-05 700
1770810367225 1e-05 750
1770810448255 1e-05 800
1770810450654 1e-05 850
1770810452371 1e-05 900
1770810454058 1e-05 950
1770810455788 1e-05 1000
1770810457515 1e-05 1050
1770810459162 1e-05 1100
1770810460875 1e-05 1150
1770810462528 1e-05 1200
1770810464187 1e-05 1250
1770810465935 1e-05 1300
1770810467540 1e-05 1350
1770810469142 1e-05 1400
1770810470796 1e-05 1450
1770810472414 1e-05 1500
1770810474054 1e-05 1550
1770810542141 1e-05 1600
1770810544480 1e-05 1650
1770810546232 1e-05 1700
1770810548086 1e-05 1750
1770810549755 1e-05 1800
1770810551456 1e-05 1850
1770810553076 1e-05 1900
1770810554744 1e-05 1950
1770810556409 1e-05 2000
1770810558075 1e-05 2050
1770810559834 1e-05 2100
1770810561583 1e-05 2150
1770810563257 1e-05 2200
1770810564932 1e-05 2250
1770810566600 1e-05 2300
1770810568213 1e-05 2350
1770810636938 1e-05 2400
1770810639295 1e-05 2450
1770810640911 1e-05 2500
1770810642517 1e-05 2550
1770810644137 1e-05 2600
1770810645797 1e-05 2650
1770810647440 1e-05 2700
1770810649090 1e-05 2750
1770810650761 1e-05 2800
1770810652336 1e-05 2850
1770810653910 1e-05 2900
1770810655609 1e-05 2950
1770810657253 1e-05 3000
1770810658893 1e-05 3050
1770810660540 1e-05 3100
1770810662256 1e-05 3150
1770810731446 1e-05 3200
1770810733860 1e-05 3250
1770810735567 1e-05 3300
1770810737148 1e-05 3350
1770810738861 1e-05 3400
1770810740487 1e-05 3450
1770810742119 1e-05 3500
1770810743755 1e-05 3550
1770810745388 1e-05 3600
1770810747002 1e-05 3650
1770810748612 1e-05 3700
1770810750282 1e-05 3750
1770810751884 1e-05 3800
1770810753508 1e-05 3850
1770810755160 1e-05 3900
1770810756875 1e-05 3950
1770810824335 1e-05 4000
1770810826755 1e-05 4050
1770810828367 1e-05 4100
1770810829987 1e-05 4150
1770810831585 1e-05 4200
1770810833292 1e-05 4250
1770810834915 1e-05 4300
1770810836570 1e-05 4350
1770810838271 1e-05 4400
1770810839856 1e-05 4450
1770810841446 1e-05 4500
1770810843148 1e-05 4550
1770810844795 1e-05 4600
1770810846409 1e-05 4650
1770810848122 1e-05 4700
1770810849771 1e-05 4750
1770810919185 1e-05 4800
1770810921709 1e-05 4850
1770810923351 1e-05 4900
1770810925047 1e-05 4950
1770810926731 1e-05 5000
1770810928462 1e-05 5050
1770810930248 1e-05 5100
1770810932048 1e-05 5150
1770810933812 1e-05 5200
1770810935629 1e-05 5250
1770810937403 1e-05 5300
1770810939148 1e-05 5350
1770810940954 1e-05 5400
1770810942757 1e-05 5450
1770810944567 1e-05 5500
1770810946280 1e-05 5550
1770811015484 1e-05 5600
1770811017911 1e-05 5650
1770811019578 1e-05 5700
1770811021259 1e-05 5750
1770811022953 1e-05 5800
1770811024554 1e-05 5850
1770811026160 1e-05 5900
1770811027781 1e-05 5950
1770811029451 1e-05 6000
1770811031154 1e-05 6050
1770811032816 1e-05 6100
1770811034473 1e-05 6150
1770811036164 1e-05 6200
1770811037853 1e-05 6250
1770811039471 1e-05 6300
1770811041121 1e-05 6350
1770811108550 1e-05 6400
1770811111010 1e-05 6450
1770811112692 1e-05 6500
1770811114289 1e-05 6550
1770811116003 1e-05 6600
1770811117608 1e-05 6650
1770811119275 1e-05 6700
1770811120985 1e-05 6750
1770811122651 1e-05 6800
1770811124309 1e-05 6850
1770811125903 1e-05 6900
1770811127592 1e-05 6950
1770811129229 1e-05 7000
1770811130880 1e-05 7050
1770811132624 1e-05 7100
1770811134328 1e-05 7150
1770811203264 1e-05 7200
1770811205671 1e-05 7250
1770811207309 1e-05 7300
1770811208940 1e-05 7350
1770811210602 1e-05 7400
1770811212301 1e-05 7450
1770811214042 1e-05 7500
1770811215720 1e-05 7550
1770811217478 1e-05 7600
1770811219145 1e-05 7650
1770811220770 1e-05 7700
1770811222428 1e-05 7750
1770811224098 1e-05 7800
1770811225744 1e-05 7850
1770811227401 1e-05 7900
1770811229068 1e-05 7950
1770811298934 1e-05 8000
1770811301282 1e-05 8050
1770811302900 1e-05 8100
1770811304533 1e-05 8150
1770811306202 1e-05 8200
1770811307924 1e-05 8250
1770811309555 1e-05 8300
1770811311198 1e-05 8350
1770811312915 1e-05 8400
1770811314600 1e-05 8450
1770811316186 1e-05 8500
1770811317845 1e-05 8550
1770811319468 1e-05 8600
1770811321118 1e-05 8650
1770811322824 1e-05 8700
1770811324417 1e-05 8750
1770811392100 1e-05 8800
1770811394752 1e-05 8850
1770811396463 1e-05 8900
1770811398220 1e-05 8950
1770811400003 1e-05 9000
1770811401748 1e-05 9050
1770811403500 1e-05 9100
1770811405277 1e-05 9150
1770811406909 1e-05 9200
1770811408595 1e-05 9250
1770811410275 1e-05 9300
1770811412001 1e-05 9350
1770811413751 1e-05 9400
1770811415552 1e-05 9450
1770811417281 1e-05 9500
1770811419058 1e-05 9550
1770811487175 1e-05 9600
1770811489657 1e-05 9650
1770811491316 1e-05 9700
1770811493018 1e-05 9750
1770811494695 1e-05 9800
1770811496372 1e-05 9850
1770811498079 1e-05 9900
1770811499673 1e-05 9950
1770811501363 1e-05 10000
1770811503003 1e-05 10050
1770811504715 1e-05 10100
1770811506415 1e-05 10150
1770811508083 1e-05 10200
1770811509772 1e-05 10250
1770811511480 1e-05 10300
1770811513178 1e-05 10350
1770811583027 1e-05 10400
1770811585512 1e-05 10450
1770811587178 1e-05 10500
1770811588836 1e-05 10550
1770811590475 1e-05 10600
1770811592131 1e-05 10650
1770811593810 1e-05 10700
1770811595447 1e-05 10750
1770811597052 1e-05 10800
1770811598723 1e-05 10850
1770811600403 1e-05 10900
1770811602080 1e-05 10950
1770811603767 1e-05 11000
1770811605431 1e-05 11050
1770811607141 1e-05 11100
1770811608817 1e-05 11150
1770811676059 1e-05 11200
1770811678415 1e-05 11250
1770811680090 1e-05 11300
1770811681772 1e-05 11350
1770811683445 1e-05 11400
1770811685087 1e-05 11450
1770811686752 1e-05 11500
1770811688383 1e-05 11550
1770811690055 1e-05 11600
1770811691745 1e-05 11650
1770811693365 1e-05 11700
1770811695070 1e-05 11750
1770811696703 1e-05 11800
1770811698315 1e-05 11850
1770811699992 1e-05 11900
1770811701671 1e-05 11950
1770811770598 1e-05 12000
1770811773079 1e-05 12050
1770811774792 1e-05 12100
1770811776439 1e-05 12150
1770811778126 1e-05 12200
1770811779814 1e-05 12250
1770811781472 1e-05 12300
1770811783108 1e-05 12350
1770811784796 1e-05 12400
1770811786489 1e-05 12450
1770811788202 1e-05 12500
1770811789907 1e-05 12550
1770811791563 1e-05 12600
1770811793245 1e-05 12650
1770811794871 1e-05 12700
1770811796545 1e-05 12750
1770811865538 1e-05 12800
1770811867899 1e-05 12850
1770811869522 1e-05 12900
1770811871203 1e-05 12950
1770811872897 1e-05 13000
1770811874532 1e-05 13050
1770811876264 1e-05 13100
1770811877935 1e-05 13150
1770811879604 1e-05 13200
1770811881248 1e-05 13250
1770811882911 1e-05 13300
1770811884621 1e-05 13350
1770811886273 1e-05 13400
1770811887979 1e-05 13450
1770811889703 1e-05 13500
1770811891314 1e-05 13550
1770811960322 1e-05 13600
1770811962717 1e-05 13650
1770811964424 1e-05 13700
1770811966113 1e-05 13750
1770811967769 1e-05 13800
1770811969400 1e-05 13850
1770811971012 1e-05 13900
1770811972683 1e-05 13950
1770811974399 1e-05 14000
1770811976127 1e-05 14050
1770811977777 1e-05 14100
1770811979476 1e-05 14150
1770811981127 1e-05 14200
1770811982780 1e-05 14250
1770811984404 1e-05 14300
1770811986051 1e-05 14350
1770812054989 1e-05 14400
1770812057441 1e-05 14450
1770812059159 1e-05 14500
1770812060822 1e-05 14550
1770812062531 1e-05 14600
1770812064179 1e-05 14650
1770812065888 1e-05 14700
1770812067609 1e-05 14750
1770812069300 1e-05 14800
1770812070938 1e-05 14850
1770812072675 1e-05 14900
1770812074302 1e-05 14950
1770812075975 1e-05 15000
1770812077669 1e-05 15050
1770812079358 1e-05 15100
1770812081004 1e-05 15150
1770812150041 1e-05 15200
1770812152464 1e-05 15250
1770812154226 1e-05 15300
1770812155904 1e-05 15350
1770812157660 1e-05 15400
1770812159428 1e-05 15450
1770812161083 1e-05 15500
1770812162804 1e-05 15550
1770812164490 1e-05 15600
1770812166208 1e-05 15650
1770812167970 1e-05 15700
1770812169612 1e-05 15750
1770812171294 1e-05 15800
1770812173051 1e-05 15850
1770812174724 1e-05 15900
1770812176468 1e-05 15950
1770812246188 1e-05 16000
1770812248597 1e-05 16050
1770812250227 1e-05 16100
1770812251913 1e-05 16150
1770812253649 1e-05 16200
1770812255309 1e-05 16250
1770812256955 1e-05 16300
1770812258719 1e-05 16350
1770812260346 1e-05 16400
1770812262066 1e-05 16450
1770812263759 1e-05 16500
1770812265422 1e-05 16550
1770812267083 1e-05 16600
1770812268750 1e-05 16650
1770812270401 1e-05 16700
1770812272100 1e-05 16750
1770812344369 1e-05 16800
1770812346845 1e-05 16850
1770812348556 1e-05 16900
1770812350190 1e-05 16950
1770812351895 1e-05 17000
1770812353602 1e-05 17050
1770812355303 1e-05 17100
1770812357027 1e-05 17150
1770812358746 1e-05 17200
1770812360388 1e-05 17250
1770812362087 1e-05 17300
1770812363770 1e-05 17350
1770812365427 1e-05 17400
1770812367104 1e-05 17450
1770812368748 1e-05 17500
1770812370390 1e-05 17550
1770812439201 1e-05 17600
1770812441692 1e-05 17650
1770812443364 1e-05 17700
1770812445034 1e-05 17750
1770812446777 1e-05 17800
1770812448452 1e-05 17850
1770812450071 1e-05 17900
1770812451850 1e-05 17950
1770812453605 1e-05 18000
1770812455279 1e-05 18050
1770812456984 1e-05 18100
1770812458694 1e-05 18150
1770812460401 1e-05 18200
1770812462059 1e-05 18250
1770812463690 1e-05 18300
1770812465356 1e-05 18350
1770812534244 1e-05 18400
1770812536633 1e-05 18450
1770812538317 1e-05 18500
1770812540068 1e-05 18550
1770812541752 1e-05 18600
1770812543423 1e-05 18650
1770812545132 1e-05 18700
1770812546883 1e-05 18750
1770812548539 1e-05 18800
1770812550190 1e-05 18850
1770812551880 1e-05 18900
1770812553570 1e-05 18950
1770812555238 1e-05 19000
1770812556990 1e-05 19050
1770812558717 1e-05 19100
1770812560403 1e-05 19150
1770812629437 1e-05 19200
1770812631800 1e-05 19250
1770812633503 1e-05 19300
1770812635193 1e-05 19350
1770812636837 1e-05 19400
1770812638549 1e-05 19450
1770812640223 1e-05 19500
1770812641937 1e-05 19550
1770812643607 1e-05 19600
1770812645281 1e-05 19650
1770812647003 1e-05 19700
1770812648681 1e-05 19750
1770812650373 1e-05 19800
1770812652121 1e-05 19850
1770812653844 1e-05 19900
1770812655490 1e-05 19950
1770812727791 1e-05 20000
1770812730135 1e-05 20050
1770812731808 1e-05 20100
1770812733510 1e-05 20150
1770812735252 1e-05 20200
1770812736900 1e-05 20250
1770812738560 1e-05 20300
1770812740283 1e-05 20350
1770812741985 1e-05 20400
1770812743619 1e-05 20450
1770812745295 1e-05 20500
1770812747025 1e-05 20550
1770812748738 1e-05 20600
1770812750451 1e-05 20650
1770812752161 1e-05 20700
1770812753862 1e-05 20750
1770812821101 1e-05 20800
1770812823614 1e-05 20850
1770812825296 1e-05 20900
1770812826944 1e-05 20950
1770812828597 1e-05 21000
1770812830301 1e-05 21050
1770812831972 1e-05 21100
1770812833596 1e-05 21150
1770812835292 1e-05 21200
1770812836982 1e-05 21250
1770812838627 1e-05 21300
1770812840272 1e-05 21350
1770812841918 1e-05 21400
1770812843540 1e-05 21450
1770812845243 1e-05 21500
1770812846919 1e-05 21550
1770812914265 1e-05 21600
1770812916771 1e-05 21650
1770812918547 1e-05 21700
1770812920201 1e-05 21750
1770812921870 1e-05 21800
1770812923527 1e-05 21850
1770812925265 1e-05 21900
1770812927037 1e-05 21950
1770812928750 1e-05 22000
1770812930368 1e-05 22050
1770812932063 1e-05 22100
1770812933760 1e-05 22150
1770812935388 1e-05 22200
1770812937102 1e-05 22250
1770812938791 1e-05 22300
1770812940482 1e-05 22350
1770813010270 1e-05 22400
1770813012781 1e-05 22450
1770813014473 1e-05 22500
1770813016162 1e-05 22550
1770813017897 1e-05 22600
1770813019599 1e-05 22650
1770813021287 1e-05 22700
1770813022996 1e-05 22750
1770813024656 1e-05 22800
1770813026309 1e-05 22850
1770813027993 1e-05 22900
1770813029714 1e-05 22950
1770813031392 1e-05 23000
1770813033095 1e-05 23050
1770813034766 1e-05 23100
1770813036415 1e-05 23150
1770813106188 1e-05 23200
1770813108691 1e-05 23250
1770813110361 1e-05 23300
1770813111980 1e-05 23350
1770813113726 1e-05 23400
1770813115420 1e-05 23450
1770813117153 1e-05 23500
1770813118817 1e-05 23550
1770813120520 1e-05 23600
1770813122192 1e-05 23650
1770813123886 1e-05 23700
1770813125634 1e-05 23750
1770813127305 1e-05 23800
1770813129002 1e-05 23850
1770813130683 1e-05 23900
1770813132440 1e-05 23950
1770813202207 1e-05 24000
1770813204826 1e-05 24050
1770813206512 1e-05 24100
1770813208213 1e-05 24150
1770813209923 1e-05 24200
1770813211588 1e-05 24250
1770813213324 1e-05 24300
1770813214996 1e-05 24350
1770813216698 1e-05 24400
1770813218410 1e-05 24450
1770813220094 1e-05 24500
1770813221747 1e-05 24550
1770813223466 1e-05 24600
1770813225227 1e-05 24650
1770813226951 1e-05 24700
1770813228683 1e-05 24750
1770813297706 1e-05 24800
1770813300230 1e-05 24850
1770813301934 1e-05 24900
1770813303612 1e-05 24950
1770813305267 1e-05 25000
1770813306967 1e-05 25050
1770813308730 1e-05 25100
1770813310418 1e-05 25150
1770813312124 1e-05 25200
1770813313810 1e-05 25250
1770813315491 1e-05 25300
1770813317212 1e-05 25350
1770813318874 1e-05 25400
1770813320573 1e-05 25450
1770813322265 1e-05 25500
1770813323961 1e-05 25550
1770813391249 1e-05 25600
1770813393752 1e-05 25650
1770813395408 1e-05 25700
1770813397139 1e-05 25750
1770813398872 1e-05 25800
1770813400582 1e-05 25850
1770813402197 1e-05 25900
1770813403929 1e-05 25950
1770813405655 1e-05 26000
1770813407317 1e-05 26050
1770813408984 1e-05 26100
1770813410823 1e-05 26150
1770813412507 1e-05 26200
1770813414176 1e-05 26250
1770813415857 1e-05 26300
1770813417548 1e-05 26350
1770813486593 1e-05 26400
1770813489116 1e-05 26450
1770813490781 1e-05 26500
1770813492461 1e-05 26550
1770813494149 1e-05 26600
1770813495803 1e-05 26650
1770813497564 1e-05 26700
1770813499288 1e-05 26750
1770813500979 1e-05 26800
1770813502678 1e-05 26850
1770813504372 1e-05 26900
1770813506114 1e-05 26950
1770813507804 1e-05 27000
1770813509553 1e-05 27050
1770813511263 1e-05 27100
1770813512887 1e-05 27150
1770813581875 1e-05 27200
1770813584414 1e-05 27250
1770813586161 1e-05 27300
1770813587870 1e-05 27350
1770813589640 1e-05 27400
1770813591358 1e-05 27450
1770813593139 1e-05 27500
1770813594815 1e-05 27550
1770813596561 1e-05 27600
1770813598231 1e-05 27650
1770813599977 1e-05 27700
1770813601728 1e-05 27750
1770813603421 1e-05 27800
1770813605060 1e-05 27850
1770813606785 1e-05 27900
1770813608538 1e-05 27950
1770813677496 1e-05 28000
1770813680035 1e-05 28050
1770813681689 1e-05 28100
1770813683405 1e-05 28150
1770813685065 1e-05 28200
1770813686762 1e-05 28250
1770813688458 1e-05 28300
1770813690119 1e-05 28350
1770813691773 1e-05 28400
1770813693442 1e-05 28450
1770813695170 1e-05 28500
1770813696819 1e-05 28550
1770813698544 1e-05 28600
1770813700256 1e-05 28650
1770813701952 1e-05 28700
1770813703634 1e-05 28750
1770813772500 1e-05 28800
1770813775093 1e-05 28850
1770813776784 1e-05 28900
1770813778454 1e-05 28950
1770813780188 1e-05 29000
1770813781899 1e-05 29050
1770813783593 1e-05 29100
1770813785310 1e-05 29150
1770813786994 1e-05 29200
1770813788678 1e-05 29250
1770813790345 1e-05 29300
1770813792059 1e-05 29350
1770813793781 1e-05 29400
1770813795473 1e-05 29450
1770813797155 1e-05 29500
1770813798875 1e-05 29550
1770813866212 1e-05 29600
1770813868742 1e-05 29650
1770813870410 1e-05 29700
1770813872087 1e-05 29750
1770813873842 1e-05 29800
1770813875476 1e-05 29850
1770813877140 1e-05 29900
1770813878871 1e-05 29950
1770813880669 1e-05 30000
1770813882329 1e-05 30050
1770813884097 1e-05 30100
1770813885760 1e-05 30150
1770813887424 1e-05 30200
1770813889113 1e-05 30250
1770813890829 1e-05 30300
1770813892564 1e-05 30350
1770813960031 1e-05 30400
1770813962643 1e-05 30450
1770813964347 1e-05 30500
1770813966068 1e-05 30550
1770813967780 1e-05 30600
1770813969450 1e-05 30650
1770813971149 1e-05 30700
1770813972853 1e-05 30750
1770813974612 1e-05 30800
1770813976332 1e-05 30850
1770813978048 1e-05 30900
1770813979720 1e-05 30950
1770813981396 1e-05 31000
1770813983140 1e-05 31050
1770813984837 1e-05 31100
1770813986480 1e-05 31150
1770814055559 1e-05 31200
1770814058091 1e-05 31250
1770814059802 1e-05 31300
1770814061494 1e-05 31350
1770814063172 1e-05 31400
1770814064923 1e-05 31450
1770814066669 1e-05 31500
1770814068435 1e-05 31550
1770814070082 1e-05 31600
1770814071791 1e-05 31650
1770814073456 1e-05 31700
1770814075166 1e-05 31750
1770814076900 1e-05 31800
1770814078613 1e-05 31850
1770814080325 1e-05 31900
1770814082046 1e-05 31950
1770814151116 1e-05 32000
1770814153659 1e-05 32050
1770814155356 1e-05 32100
1770814157042 1e-05 32150
1770814158759 1e-05 32200
1770814160504 1e-05 32250
1770814162194 1e-05 32300
1770814163992 1e-05 32350
1770814165660 1e-05 32400
1770814167359 1e-05 32450
1770814169105 1e-05 32500
1770814170819 1e-05 32550
1770814172503 1e-05 32600
1770814174221 1e-05 32650
1770814175946 1e-05 32700
1770814177568 1e-05 32750
1770814246688 1e-05 32800
1770814249327 1e-05 32850
1770814251067 1e-05 32900
1770814252758 1e-05 32950
1770814254602 1e-05 33000
1770814256348 1e-05 33050
1770814258041 1e-05 33100
1770814259752 1e-05 33150
1770814261478 1e-05 33200
1770814263217 1e-05 33250
1770814264936 1e-05 33300
1770814266625 1e-05 33350
1770814268323 1e-05 33400
1770814270094 1e-05 33450
1770814271741 1e-05 33500
1770814273423 1e-05 33550
1770814342374 1e-05 33600
1770814344963 1e-05 33650
1770814346702 1e-05 33700
1770814348397 1e-05 33750
1770814350128 1e-05 33800
1770814351851 1e-05 33850
1770814353568 1e-05 33900
1770814355306 1e-05 33950
1770814356981 1e-05 34000
1770814358664 1e-05 34050
1770814360426 1e-05 34100
1770814362138 1e-05 34150
1770814363845 1e-05 34200
1770814365582 1e-05 34250
1770814367278 1e-05 34300
1770814368933 1e-05 34350
1770814438024 1e-05 34400
1770814440533 1e-05 34450
1770814442244 1e-05 34500
1770814443914 1e-05 34550
1770814445685 1e-05 34600
1770814447358 1e-05 34650
1770814449116 1e-05 34700
1770814450859 1e-05 34750
1770814452578 1e-05 34800
1770814454251 1e-05 34850
1770814456007 1e-05 34900
1770814457702 1e-05 34950
1770814459429 1e-05 35000
1770814461168 1e-05 35050
1770814462884 1e-05 35100
1770814464605 1e-05 35150
1770814533644 1e-05 35200
1770814536155 1e-05 35250
1770814537864 1e-05 35300
1770814539586 1e-05 35350
1770814541234 1e-05 35400
1770814542928 1e-05 35450
1770814544640 1e-05 35500
1770814546388 1e-05 35550
1770814548144 1e-05 35600
1770814549848 1e-05 35650
1770814551583 1e-05 35700
1770814553249 1e-05 35750
1770814554946 1e-05 35800
1770814556667 1e-05 35850
1770814558315 1e-05 35900
1770814560047 1e-05 35950
1770814629090 1e-05 36000
1770814631758 1e-05 36050
1770814633437 1e-05 36100
1770814635118 1e-05 36150
1770814636842 1e-05 36200
1770814638538 1e-05 36250
1770814640295 1e-05 36300
1770814642021 1e-05 36350
1770814643802 1e-05 36400
1770814645550 1e-05 36450
1770814647294 1e-05 36500
1770814649030 1e-05 36550
1770814650764 1e-05 36600
1770814652483 1e-05 36650
1770814654161 1e-05 36700
1770814655893 1e-05 36750
1770814723462 1e-05 36800
1770814726032 1e-05 36850
1770814727778 1e-05 36900
1770814729494 1e-05 36950
1770814731157 1e-05 37000
1770814732854 1e-05 37050
1770814734540 1e-05 37100
1770814736209 1e-05 37150
1770814737900 1e-05 37200
1770814739670 1e-05 37250
1770814741393 1e-05 37300
1770814743093 1e-05 37350
1770814744817 1e-05 37400
1770814746515 1e-05 37450
1770814748224 1e-05 37500
1770814749938 1e-05 37550
1770814817323 1e-05 37600
1770814819768 1e-05 37650
1770814821492 1e-05 37700
1770814823178 1e-05 37750
1770814824947 1e-05 37800
1770814826700 1e-05 37850
1770814828450 1e-05 37900
1770814830254 1e-05 37950
1770814831950 1e-05 38000
1770814833668 1e-05 38050
1770814835372 1e-05 38100
1770814837069 1e-05 38150
1770814838728 1e-05 38200
1770814840451 1e-05 38250
1770814842205 1e-05 38300
1770814843957 1e-05 38350
1770814912882 1e-05 38400
1770814915405 1e-05 38450
1770814917137 1e-05 38500
1770814918861 1e-05 38550
1770814920572 1e-05 38600
1770814922236 1e-05 38650
1770814924014 1e-05 38700
1770814925760 1e-05 38750
1770814927443 1e-05 38800
1770814929225 1e-05 38850
1770814930961 1e-05 38900
1770814932665 1e-05 38950
1770814934377 1e-05 39000
1770814936158 1e-05 39050
1770814937898 1e-05 39100
1770814939651 1e-05 39150
1770815008705 1e-05 39200
1770815011243 1e-05 39250
1770815012978 1e-05 39300
1770815014787 1e-05 39350
1770815016475 1e-05 39400
1770815018280 1e-05 39450
1770815020013 1e-05 39500
1770815021755 1e-05 39550
1770815023521 1e-05 39600
1770815025209 1e-05 39650
1770815026908 1e-05 39700
1770815028656 1e-05 39750
1770815030398 1e-05 39800
1770815032115 1e-05 39850
1770815033805 1e-05 39900
1770815035519 1e-05 39950
1770815105381 1e-05 40000
1770815107988 1e-05 40050
1770815109740 1e-05 40100
1770815111460 1e-05 40150
1770815113296 1e-05 40200
1770815114962 1e-05 40250
1770815116656 1e-05 40300
1770815118404 1e-05 40350
1770815120136 1e-05 40400
1770815121919 1e-05 40450
1770815123637 1e-05 40500
1770815125319 1e-05 40550
1770815127057 1e-05 40600
1770815128844 1e-05 40650
1770815130576 1e-05 40700
1770815132279 1e-05 40750
1770815202054 1e-05 40800
1770815204743 1e-05 40850
1770815206575 1e-05 40900
1770815208355 1e-05 40950
1770815210136 1e-05 41000
1770815211914 1e-05 41050
1770815213745 1e-05 41100
1770815215623 1e-05 41150
1770815217503 1e-05 41200
1770815219323 1e-05 41250
1770815221126 1e-05 41300
1770815222969 1e-05 41350
1770815224699 1e-05 41400
1770815226514 1e-05 41450
1770815228269 1e-05 41500
1770815230009 1e-05 41550
1770815302344 1e-05 41600
1770815304854 1e-05 41650
1770815306657 1e-05 41700
1770815308380 1e-05 41750
1770815310113 1e-05 41800
1770815311806 1e-05 41850
1770815313518 1e-05 41900
1770815315270 1e-05 41950
1770815316945 1e-05 42000
1770815318673 1e-05 42050
1770815320407 1e-05 42100
1770815322127 1e-05 42150
1770815323869 1e-05 42200
1770815325588 1e-05 42250
1770815327296 1e-05 42300
1770815329012 1e-05 42350
1770815398050 1e-05 42400
1770815400677 1e-05 42450
1770815402391 1e-05 42500
1770815404126 1e-05 42550
1770815405859 1e-05 42600
1770815407563 1e-05 42650
1770815409268 1e-05 42700
1770815411005 1e-05 42750
1770815412725 1e-05 42800
1770815414462 1e-05 42850
1770815416234 1e-05 42900
1770815417948 1e-05 42950
1770815419677 1e-05 43000
1770815421413 1e-05 43050
1770815423111 1e-05 43100
1770815424836 1e-05 43150
1770815497022 1e-05 43200
1770815499611 1e-05 43250
1770815501314 1e-05 43300
1770815503025 1e-05 43350
1770815504772 1e-05 43400
1770815506515 1e-05 43450
1770815508201 1e-05 43500
1770815509911 1e-05 43550
1770815511632 1e-05 43600
1770815513379 1e-05 43650
1770815515152 1e-05 43700
1770815516849 1e-05 43750
1770815518579 1e-05 43800
1770815520301 1e-05 43850
1770815521983 1e-05 43900
1770815523671 1e-05 43950
1770815592753 1e-05 44000
1770815595337 1e-05 44050
1770815597094 1e-05 44100
1770815598771 1e-05 44150
1770815600516 1e-05 44200
1770815602193 1e-05 44250
1770815603883 1e-05 44300
1770815605595 1e-05 44350
1770815607311 1e-05 44400
1770815609061 1e-05 44450
1770815610823 1e-05 44500
1770815612530 1e-05 44550
1770815614237 1e-05 44600
1770815616018 1e-05 44650
1770815617766 1e-05 44700
1770815619500 1e-05 44750
1770815686869 1e-05 44800
1770815689465 1e-05 44850
1770815691200 1e-05 44900
1770815692933 1e-05 44950
1770815694662 1e-05 45000
1770815696419 1e-05 45050
1770815698225 1e-05 45100
1770815699925 1e-05 45150
1770815701593 1e-05 45200
1770815703305 1e-05 45250
1770815705077 1e-05 45300
1770815706786 1e-05 45350
1770815708544 1e-05 45400
1770815710278 1e-05 45450
1770815712038 1e-05 45500
1770815713774 1e-05 45550
1770815782748 1e-05 45600
1770815785335 1e-05 45650
1770815787109 1e-05 45700
1770815788782 1e-05 45750
1770815790456 1e-05 45800
1770815792224 1e-05 45850
1770815793945 1e-05 45900
1770815795752 1e-05 45950
1770815797500 1e-05 46000
1770815799212 1e-05 46050
1770815800946 1e-05 46100
1770815802708 1e-05 46150
1770815804437 1e-05 46200
1770815806210 1e-05 46250
1770815807937 1e-05 46300
1770815809697 1e-05 46350
1770815881964 1e-05 46400
1770815884504 1e-05 46450
1770815886303 1e-05 46500
1770815887992 1e-05 46550
1770815889700 1e-05 46600
1770815891460 1e-05 46650
1770815893220 1e-05 46700
1770815895023 1e-05 46750
1770815896725 1e-05 46800
1770815898451 1e-05 46850
1770815900185 1e-05 46900
1770815901886 1e-05 46950
1770815903738 1e-05 47000
1770815905524 1e-05 47050
1770815907254 1e-05 47100
1770815908988 1e-05 47150
1770815978027 1e-05 47200
1770815980575 1e-05 47250
1770815982306 1e-05 47300
1770815984042 1e-05 47350
1770815985801 1e-05 47400
1770815987596 1e-05 47450
1770815989278 1e-05 47500
1770815991004 1e-05 47550
1770815992697 1e-05 47600
1770815994461 1e-05 47650
1770815996186 1e-05 47700
1770815997905 1e-05 47750
1770815999567 1e-05 47800
1770816001344 1e-05 47850
1770816003049 1e-05 47900
1770816004817 1e-05 47950
1770816073831 1e-05 48000
1770816076398 1e-05 48050
1770816078174 1e-05 48100
1770816079989 1e-05 48150
1770816081711 1e-05 48200
1770816083426 1e-05 48250
1770816085180 1e-05 48300
1770816087000 1e-05 48350
1770816088667 1e-05 48400
1770816090412 1e-05 48450
1770816092150 1e-05 48500
1770816093891 1e-05 48550
1770816095633 1e-05 48600
1770816097394 1e-05 48650
1770816099081 1e-05 48700
1770816100783 1e-05 48750
1770816169878 1e-05 48800
1770816172400 1e-05 48850
1770816174156 1e-05 48900
1770816175863 1e-05 48950
1770816177579 1e-05 49000
1770816179294 1e-05 49050
1770816181001 1e-05 49100
1770816182761 1e-05 49150
1770816184483 1e-05 49200
1770816186176 1e-05 49250
1770816187898 1e-05 49300
1770816189679 1e-05 49350
1770816191383 1e-05 49400
1770816193252 1e-05 49450
1770816194998 1e-05 49500
1770816196785 1e-05 49550
1770816265861 1e-05 49600
1770816268460 1e-05 49650
1770816270162 1e-05 49700
1770816271940 1e-05 49750
1770816273795 1e-05 49800
1770816275526 1e-05 49850
1770816277222 1e-05 49900
1770816278983 1e-05 49950
1770816280651 1e-05 50000
1770816282434 1e-05 50050
1770816284202 1e-05 50100
1770816285964 1e-05 50150
1770816287742 1e-05 50200
1770816289498 1e-05 50250
1770816291201 1e-05 50300
1770816292971 1e-05 50350
1770816362031 1e-05 50400
1770816364663 1e-05 50450
1770816366410 1e-05 50500
1770816368200 1e-05 50550
1770816369910 1e-05 50600
1770816371608 1e-05 50650
1770816373419 1e-05 50700
1770816375188 1e-05 50750
1770816376986 1e-05 50800
1770816378680 1e-05 50850
1770816380406 1e-05 50900
1770816382118 1e-05 50950
1770816383851 1e-05 51000
1770816385581 1e-05 51050
1770816387379 1e-05 51100
1770816389125 1e-05 51150
1770816458376 1e-05 51200
1770816460808 1e-05 51250
1770816462589 1e-05 51300
1770816464289 1e-05 51350
1770816466068 1e-05 51400
1770816467884 1e-05 51450
1770816469593 1e-05 51500
1770816471388 1e-05 51550
1770816473104 1e-05 51600
1770816474876 1e-05 51650
1770816476627 1e-05 51700
1770816478370 1e-05 51750
1770816480109 1e-05 51800
1770816481856 1e-05 51850
1770816483590 1e-05 51900
1770816485321 1e-05 51950
1770816554492 1e-05 52000
1770816557045 1e-05 52050
1770816558770 1e-05 52100
1770816560541 1e-05 52150
1770816562362 1e-05 52200
1770816564014 1e-05 52250
1770816565697 1e-05 52300
1770816567450 1e-05 52350
1770816569181 1e-05 52400
1770816570928 1e-05 52450
1770816572701 1e-05 52500
1770816574400 1e-05 52550
1770816576175 1e-05 52600
1770816577932 1e-05 52650
1770816579620 1e-05 52700
1770816581358 1e-05 52750
1770816653557 1e-05 52800
1770816656196 1e-05 52850
1770816657917 1e-05 52900
1770816659609 1e-05 52950
1770816661407 1e-05 53000
1770816663130 1e-05 53050
1770816664873 1e-05 53100
1770816666676 1e-05 53150
1770816668395 1e-05 53200
1770816670108 1e-05 53250
1770816671937 1e-05 53300
1770816673700 1e-05 53350
1770816675412 1e-05 53400
1770816677236 1e-05 53450
1770816679040 1e-05 53500
1770816680801 1e-05 53550
1770816748248 1e-05 53600
1770816750806 1e-05 53650
1770816752628 1e-05 53700
1770816754403 1e-05 53750
1770816756141 1e-05 53800
1770816757907 1e-05 53850
1770816759663 1e-05 53900
1770816761437 1e-05 53950
1770816763188 1e-05 54000
1770816764904 1e-05 54050
1770816766710 1e-05 54100
1770816768408 1e-05 54150
1770816770196 1e-05 54200
1770816772050 1e-05 54250
1770816773794 1e-05 54300
1770816775538 1e-05 54350
1770816844562 1e-05 54400
1770816847162 1e-05 54450
1770816848856 1e-05 54500
1770816850591 1e-05 54550
1770816852370 1e-05 54600
1770816854185 1e-05 54650
1770816855896 1e-05 54700
1770816857657 1e-05 54750
1770816859388 1e-05 54800
1770816861058 1e-05 54850
1770816862798 1e-05 54900
1770816864555 1e-05 54950
1770816866314 1e-05 55000
1770816868065 1e-05 55050
1770816869756 1e-05 55100
1770816871501 1e-05 55150
1770816940526 1e-05 55200
1770816943094 1e-05 55250
1770816944844 1e-05 55300
1770816946568 1e-05 55350
1770816948377 1e-05 55400
1770816950227 1e-05 55450
1770816951993 1e-05 55500
1770816953841 1e-05 55550
1770816955647 1e-05 55600
1770816957494 1e-05 55650
1770816959276 1e-05 55700
1770816961127 1e-05 55750
1770816962840 1e-05 55800
1770816964584 1e-05 55850
1770816966366 1e-05 55900
1770816968055 1e-05 55950
1770817038094 1e-05 56000
1770817040732 1e-05 56050
1770817042554 1e-05 56100
1770817044275 1e-05 56150
1770817046048 1e-05 56200
1770817047787 1e-05 56250
1770817049471 1e-05 56300
1770817051235 1e-05 56350
1770817052981 1e-05 56400
1770817054719 1e-05 56450
1770817056578 1e-05 56500
1770817058332 1e-05 56550
1770817060053 1e-05 56600
1770817061873 1e-05 56650
1770817063608 1e-05 56700
1770817065331 1e-05 56750
1770817134391 1e-05 56800
1770817137028 1e-05 56850
1770817138818 1e-05 56900
1770817140508 1e-05 56950
1770817142241 1e-05 57000
1770817144035 1e-05 57050
1770817145781 1e-05 57100
1770817147532 1e-05 57150
1770817149369 1e-05 57200
1770817151069 1e-05 57250
1770817152823 1e-05 57300
1770817154523 1e-05 57350
1770817156247 1e-05 57400
1770817158031 1e-05 57450
1770817159758 1e-05 57500
1770817161559 1e-05 57550
1770817231423 1e-05 57600
1770817234039 1e-05 57650
1770817235807 1e-05 57700
1770817237476 1e-05 57750
1770817239248 1e-05 57800
1770817241043 1e-05 57850
1770817242792 1e-05 57900
1770817244604 1e-05 57950
1770817246285 1e-05 58000
1770817247995 1e-05 58050
1770817249750 1e-05 58100
1770817251405 1e-05 58150
1770817253117 1e-05 58200
1770817254977 1e-05 58250
1770817256712 1e-05 58300
1770817258459 1e-05 58350
1770817326069 1e-05 58400
1770817328596 1e-05 58450
1770817330310 1e-05 58500
1770817332058 1e-05 58550
1770817333824 1e-05 58600
1770817335579 1e-05 58650
1770817337330 1e-05 58700
1770817339162 1e-05 58750
1770817340882 1e-05 58800
1770817342660 1e-05 58850
1770817344417 1e-05 58900
1770817346202 1e-05 58950
1770817347910 1e-05 59000
1770817349672 1e-05 59050
1770817351403 1e-05 59100
1770817353111 1e-05 59150
1770817422957 1e-05 59200
1770817425486 1e-05 59250
1770817427216 1e-05 59300
1770817428949 1e-05 59350
1770817430701 1e-05 59400
1770817432477 1e-05 59450
1770817434242 1e-05 59500
1770817436039 1e-05 59550
1770817437799 1e-05 59600
1770817439573 1e-05 59650
1770817441327 1e-05 59700
1770817443045 1e-05 59750
1770817444783 1e-05 59800
1770817446591 1e-05 59850
1770817448316 1e-05 59900
1770817450023 1e-05 59950
1770817519157 1e-05 60000
1770817521701 1e-05 60050
1770817523486 1e-05 60100
1770817525198 1e-05 60150
1770817526949 1e-05 60200
1770817528706 1e-05 60250
1770817530509 1e-05 60300
1770817532278 1e-05 60350
1770817534053 1e-05 60400
1770817535748 1e-05 60450
1770817537516 1e-05 60500
1770817539267 1e-05 60550
1770817541066 1e-05 60600
1770817542893 1e-05 60650
1770817544648 1e-05 60700
1770817546447 1e-05 60750
1770817618717 1e-05 60800
1770817621346 1e-05 60850
1770817623029 1e-05 60900
1770817624733 1e-05 60950
1770817626620 1e-05 61000
1770817628353 1e-05 61050
1770817630110 1e-05 61100
1770817631867 1e-05 61150
1770817633661 1e-05 61200
1770817635418 1e-05 61250
1770817637233 1e-05 61300
1770817638930 1e-05 61350
1770817640659 1e-05 61400
1770817642436 1e-05 61450
1770817644173 1e-05 61500
1770817645908 1e-05 61550
1770817713504 1e-05 61600
1770817716067 1e-05 61650
1770817717819 1e-05 61700
1770817719746 1e-05 61750
1770817721600 1e-05 61800
1770817723395 1e-05 61850
1770817725181 1e-05 61900
1770817726963 1e-05 61950
1770817728740 1e-05 62000
1770817730534 1e-05 62050
1770817732274 1e-05 62100
1770817734095 1e-05 62150
1770817735904 1e-05 62200
1770817737692 1e-05 62250
1770817739418 1e-05 62300
1770817741156 1e-05 62350
1770817810167 1e-05 62400
1770817812863 1e-05 62450
1770817814613 1e-05 62500
1770817816420 1e-05 62550
1770817818245 1e-05 62600
1770817820028 1e-05 62650
1770817821816 1e-05 62700
1770817823605 1e-05 62750
1770817825344 1e-05 62800
1770817827106 1e-05 62850
1770817828902 1e-05 62900
1770817830745 1e-05 62950
1770817832489 1e-05 63000
1770817834316 1e-05 63050
1770817836072 1e-05 63100
1770817837894 1e-05 63150
1770817907058 1e-05 63200
1770817909605 1e-05 63250
1770817911346 1e-05 63300
1770817913087 1e-05 63350
1770817914894 1e-05 63400
1770817916653 1e-05 63450
1770817918376 1e-05 63500
1770817920162 1e-05 63550
1770817921896 1e-05 63600
1770817923638 1e-05 63650
1770817925362 1e-05 63700
1770817927146 1e-05 63750
1770817928956 1e-05 63800
1770817930720 1e-05 63850
1770817932532 1e-05 63900
1770817934332 1e-05 63950
1770818006631 1e-05 64000
1770818009376 1e-05 64050
1770818011201 1e-05 64100
1770818013018 1e-05 64150
1770818014827 1e-05 64200
1770818016643 1e-05 64250
1770818018381 1e-05 64300
1770818020151 1e-05 64350
1770818021917 1e-05 64400
1770818023678 1e-05 64450
1770818025465 1e-05 64500
1770818027302 1e-05 64550
1770818029011 1e-05 64600
1770818030815 1e-05 64650
1770818032589 1e-05 64700
1770818034327 1e-05 64750
1770818105482 1e-05 64800
1770818108137 1e-05 64850
1770818109954 1e-05 64900
1770818111717 1e-05 64950
1770818113507 1e-05 65000
1770818115280 1e-05 65050
1770818117043 1e-05 65100
1770818118775 1e-05 65150
1770818120536 1e-05 65200
1770818122289 1e-05 65250
1770818124052 1e-05 65300
1770818125846 1e-05 65350
1770818127595 1e-05 65400
1770818129434 1e-05 65450
1770818131206 1e-05 65500
1770818133091 1e-05 65550
1770818205662 1e-05 65600
1770818208233 1e-05 65650
1770818210034 1e-05 65700
1770818211824 1e-05 65750
1770818213611 1e-05 65800
1770818215380 1e-05 65850
1770818217094 1e-05 65900
1770818218848 1e-05 65950
1770818220674 1e-05 66000
1770818222417 1e-05 66050
1770818224172 1e-05 66100
1770818225952 1e-05 66150
1770818227747 1e-05 66200
1770818229571 1e-05 66250
1770818231367 1e-05 66300
1770818233107 1e-05 66350
1770818302318 1e-05 66400
1770818304921 1e-05 66450
1770818306717 1e-05 66500
1770818308564 1e-05 66550
1770818310351 1e-05 66600
1770818312133 1e-05 66650
1770818313850 1e-05 66700
1770818315611 1e-05 66750
1770818317347 1e-05 66800
1770818319127 1e-05 66850
1770818320882 1e-05 66900
1770818322564 1e-05 66950
1770818324332 1e-05 67000
1770818326075 1e-05 67050
1770818327811 1e-05 67100
1770818329557 1e-05 67150
1770818398683 1e-05 67200
1770818401396 1e-05 67250
1770818403207 1e-05 67300
1770818405007 1e-05 67350
1770818406944 1e-05 67400
1770818408688 1e-05 67450
1770818410445 1e-05 67500
1770818412203 1e-05 67550
1770818413947 1e-05 67600
1770818415741 1e-05 67650
1770818417513 1e-05 67700
1770818419315 1e-05 67750
1770818421034 1e-05 67800
1770818422787 1e-05 67850
1770818424547 1e-05 67900
1770818426292 1e-05 67950
1770818495545 1e-05 68000
1770818498234 1e-05 68050
1770818499980 1e-05 68100
1770818501755 1e-05 68150
1770818503544 1e-05 68200
1770818505312 1e-05 68250
1770818507128 1e-05 68300
1770818508915 1e-05 68350
1770818510744 1e-05 68400
1770818512613 1e-05 68450
1770818514411 1e-05 68500
1770818516153 1e-05 68550
1770818517938 1e-05 68600
1770818519748 1e-05 68650
1770818521510 1e-05 68700
1770818523197 1e-05 68750
1770818595575 1e-05 68800
1770818598202 1e-05 68850
1770818599972 1e-05 68900
1770818601674 1e-05 68950
1770818603503 1e-05 69000
1770818605355 1e-05 69050
1770818607109 1e-05 69100
1770818608943 1e-05 69150
1770818610674 1e-05 69200
1770818612443 1e-05 69250
1770818614216 1e-05 69300
1770818616029 1e-05 69350
1770818617768 1e-05 69400
1770818619535 1e-05 69450
1770818621247 1e-05 69500
1770818623022 1e-05 69550
1770818695428 1e-05 69600
1770818698179 1e-05 69650
1770818699966 1e-05 69700
1770818701813 1e-05 69750
1770818703618 1e-05 69800
1770818705335 1e-05 69850
1770818707083 1e-05 69900
1770818708944 1e-05 69950
1770818710722 1e-05 70000
1770818712473 1e-05 70050
1770818714326 1e-05 70100
1770818716129 1e-05 70150
1770818717893 1e-05 70200
1770818719661 1e-05 70250
1770818721432 1e-05 70300
1770818723180 1e-05 70350
1770818792420 1e-05 70400
1770818795127 1e-05 70450
1770818796880 1e-05 70500
1770818798617 1e-05 70550
1770818800407 1e-05 70600
1770818802184 1e-05 70650
1770818803943 1e-05 70700
1770818805778 1e-05 70750
1770818807583 1e-05 70800
1770818809322 1e-05 70850
1770818811158 1e-05 70900
1770818812939 1e-05 70950
1770818814692 1e-05 71000
1770818816474 1e-05 71050
1770818818165 1e-05 71100
1770818820066 1e-05 71150
1770818889208 1e-05 71200
1770818891771 1e-05 71250
1770818893617 1e-05 71300
1770818895374 1e-05 71350
1770818897192 1e-05 71400
1770818898947 1e-05 71450
1770818900764 1e-05 71500
1770818902572 1e-05 71550
1770818904297 1e-05 71600
1770818906069 1e-05 71650
1770818907845 1e-05 71700
1770818909608 1e-05 71750
1770818911359 1e-05 71800
1770818913127 1e-05 71850
1770818914932 1e-05 71900
1770818916735 1e-05 71950
1770818989147 1e-05 72000
1770818991740 1e-05 72050
1770818993538 1e-05 72100
1770818995369 1e-05 72150
1770818997193 1e-05 72200
1770818998955 1e-05 72250
1770819000744 1e-05 72300
1770819002506 1e-05 72350
1770819004295 1e-05 72400
1770819006090 1e-05 72450
1770819007897 1e-05 72500
1770819009724 1e-05 72550
1770819011486 1e-05 72600
1770819013335 1e-05 72650
1770819015103 1e-05 72700
1770819016898 1e-05 72750
1770819089202 1e-05 72800
1770819091841 1e-05 72850
1770819093607 1e-05 72900
1770819095387 1e-05 72950
1770819097211 1e-05 73000
1770819099026 1e-05 73050
1770819100802 1e-05 73100
1770819102555 1e-05 73150
1770819104373 1e-05 73200
1770819106275 1e-05 73250
1770819108081 1e-05 73300
1770819109925 1e-05 73350
1770819111708 1e-05 73400
1770819113551 1e-05 73450
1770819115332 1e-05 73500
1770819117106 1e-05 73550
1770819189476 1e-05 73600
1770819192114 1e-05 73650
1770819193854 1e-05 73700
1770819195573 1e-05 73750
1770819197439 1e-05 73800
1770819199306 1e-05 73850
1770819201034 1e-05 73900
1770819202861 1e-05 73950
1770819204674 1e-05 74000
1770819206458 1e-05 74050
1770819208232 1e-05 74100
1770819209981 1e-05 74150
1770819211729 1e-05 74200
1770819213611 1e-05 74250
1770819215454 1e-05 74300
1770819217243 1e-05 74350
1770819286370 1e-05 74400
1770819289073 1e-05 74450
1770819290871 1e-05 74500
1770819292689 1e-05 74550
1770819294528 1e-05 74600
1770819296358 1e-05 74650
1770819298116 1e-05 74700
1770819299870 1e-05 74750
1770819301752 1e-05 74800
1770819303542 1e-05 74850
1770819305331 1e-05 74900
1770819307170 1e-05 74950
1770819308955 1e-05 75000
1770819310758 1e-05 75050
1770819312526 1e-05 75100
1770819314443 1e-05 75150
1770819383645 1e-05 75200
1770819386108 1e-05 75250
1770819387925 1e-05 75300
1770819389744 1e-05 75350
1770819391543 1e-05 75400
1770819393306 1e-05 75450
1770819395036 1e-05 75500
1770819396823 1e-05 75550
1770819398621 1e-05 75600
1770819400393 1e-05 75650
1770819402122 1e-05 75700
1770819403921 1e-05 75750
1770819405718 1e-05 75800
1770819407530 1e-05 75850
1770819409314 1e-05 75900
1770819411074 1e-05 75950
1770819480201 1e-05 76000
1770819482842 1e-05 76050
1770819484619 1e-05 76100
1770819486365 1e-05 76150
1770819488160 1e-05 76200
1770819489923 1e-05 76250
1770819491685 1e-05 76300
1770819493531 1e-05 76350
1770819495300 1e-05 76400
1770819497087 1e-05 76450
1770819498832 1e-05 76500
1770819500666 1e-05 76550
1770819502444 1e-05 76600
1770819504242 1e-05 76650
1770819506058 1e-05 76700
1770819507804 1e-05 76750
1770819577712 1e-05 76800
1770819580377 1e-05 76850
1770819582236 1e-05 76900
1770819584130 1e-05 76950
1770819585962 1e-05 77000
1770819587868 1e-05 77050
1770819589693 1e-05 77100
1770819591488 1e-05 77150
1770819593292 1e-05 77200
1770819595046 1e-05 77250
1770819596849 1e-05 77300
1770819598601 1e-05 77350
1770819600439 1e-05 77400
1770819602219 1e-05 77450
1770819604067 1e-05 77500
1770819605882 1e-05 77550
1770819675031 1e-05 77600
1770819677721 1e-05 77650
1770819679560 1e-05 77700
1770819681385 1e-05 77750
1770819683141 1e-05 77800
1770819684882 1e-05 77850
1770819686687 1e-05 77900
1770819688446 1e-05 77950
1770819690265 1e-05 78000
1770819692064 1e-05 78050
1770819693897 1e-05 78100
1770819695677 1e-05 78150
1770819697483 1e-05 78200
1770819699249 1e-05 78250
1770819700997 1e-05 78300
1770819702766 1e-05 78350
1770819771979 1e-05 78400
1770819774681 1e-05 78450
1770819776512 1e-05 78500
1770819778302 1e-05 78550
1770819780143 1e-05 78600
1770819781931 1e-05 78650
1770819783708 1e-05 78700
1770819785615 1e-05 78750
1770819787397 1e-05 78800
1770819789185 1e-05 78850
1770819790974 1e-05 78900
1770819792776 1e-05 78950
1770819794587 1e-05 79000
1770819796495 1e-05 79050
1770819798307 1e-05 79100
1770819800121 1e-05 79150
1770819869305 1e-05 79200
1770819871919 1e-05 79250
1770819873732 1e-05 79300
1770819875555 1e-05 79350
1770819877357 1e-05 79400
1770819879085 1e-05 79450
1770819880885 1e-05 79500
1770819882756 1e-05 79550
1770819884600 1e-05 79600
1770819886358 1e-05 79650
1770819888235 1e-05 79700
1770819889972 1e-05 79750
1770819891733 1e-05 79800
1770819893525 1e-05 79850
1770819895275 1e-05 79900
1770819897007 1e-05 79950
1770819966155 1e-05 80000
1770819968759 1e-05 80050
1770819970594 1e-05 80100
1770819972403 1e-05 80150
1770819974194 1e-05 80200
1770819976061 1e-05 80250
1770819977838 1e-05 80300
1770819979691 1e-05 80350
1770819981482 1e-05 80400
1770819983258 1e-05 80450
1770819985184 1e-05 80500
1770819987004 1e-05 80550
1770819988791 1e-05 80600
1770819990646 1e-05 80650
1770819992461 1e-05 80700
1770819994340 1e-05 80750
1770820064218 1e-05 80800
1770820066861 1e-05 80850
1770820068675 1e-05 80900
1770820070561 1e-05 80950
1770820072301 1e-05 81000
1770820074118 1e-05 81050
1770820075899 1e-05 81100
1770820077873 1e-05 81150
1770820079639 1e-05 81200
1770820081411 1e-05 81250
1770820083200 1e-05 81300
1770820085015 1e-05 81350
1770820086813 1e-05 81400
1770820088639 1e-05 81450
1770820090367 1e-05 81500
1770820092190 1e-05 81550
1770820161354 1e-05 81600
1770820164034 1e-05 81650
1770820165832 1e-05 81700
1770820167624 1e-05 81750
1770820169435 1e-05 81800
1770820171271 1e-05 81850
1770820173064 1e-05 81900
1770820174822 1e-05 81950
1770820176644 1e-05 82000
1770820178455 1e-05 82050
1770820180262 1e-05 82100
1770820182047 1e-05 82150
1770820183864 1e-05 82200
1770820185720 1e-05 82250
1770820187533 1e-05 82300
1770820189359 1e-05 82350
1770820258580 1e-05 82400
1770820261172 1e-05 82450
1770820263033 1e-05 82500
1770820264870 1e-05 82550
1770820266608 1e-05 82600
1770820268394 1e-05 82650
1770820270196 1e-05 82700
1770820272005 1e-05 82750
1770820273821 1e-05 82800
1770820275650 1e-05 82850
1770820277461 1e-05 82900
1770820279246 1e-05 82950
1770820281060 1e-05 83000
1770820282945 1e-05 83050
1770820284926 1e-05 83100
1770820286790 1e-05 83150
1770820356801 1e-05 83200
1770820359518 1e-05 83250
1770820361314 1e-05 83300
1770820363069 1e-05 83350
1770820364885 1e-05 83400
1770820366723 1e-05 83450
1770820368592 1e-05 83500
1770820370431 1e-05 83550
1770820372228 1e-05 83600
1770820374050 1e-05 83650
1770820375898 1e-05 83700
1770820377708 1e-05 83750
1770820379485 1e-05 83800
1770820381298 1e-05 83850
1770820383131 1e-05 83900
1770820384980 1e-05 83950
1770820454117 1e-05 84000
1770820456877 1e-05 84050
1770820458637 1e-05 84100
1770820460475 1e-05 84150
1770820462248 1e-05 84200
1770820464027 1e-05 84250
1770820465819 1e-05 84300
1770820467620 1e-05 84350
1770820469401 1e-05 84400
1770820471236 1e-05 84450
1770820473069 1e-05 84500
1770820474881 1e-05 84550
1770820476676 1e-05 84600
1770820478457 1e-05 84650
1770820480273 1e-05 84700
1770820482145 1e-05 84750
1770820549812 1e-05 84800
1770820552547 1e-05 84850
1770820554389 1e-05 84900
1770820556231 1e-05 84950
1770820558112 1e-05 85000
1770820560050 1e-05 85050
1770820561829 1e-05 85100
1770820563578 1e-05 85150
1770820565458 1e-05 85200
1770820567272 1e-05 85250
1770820569106 1e-05 85300
1770820570916 1e-05 85350
1770820572751 1e-05 85400
1770820574533 1e-05 85450
1770820576365 1e-05 85500
1770820578173 1e-05 85550
1770820650487 1e-05 85600
1770820653185 1e-05 85650
1770820654942 1e-05 85700
1770820656780 1e-05 85750
1770820658711 1e-05 85800
1770820660553 1e-05 85850
1770820662311 1e-05 85900
1770820664072 1e-05 85950
1770820665873 1e-05 86000
1770820667661 1e-05 86050
1770820669487 1e-05 86100
1770820671217 1e-05 86150
1770820672974 1e-05 86200
1770820674778 1e-05 86250
1770820676587 1e-05 86300
1770820678404 1e-05 86350
1770820750827 1e-05 86400
1770820753599 1e-05 86450
1770820755422 1e-05 86500
1770820757292 1e-05 86550
1770820759062 1e-05 86600
1770820760845 1e-05 86650
1770820762604 1e-05 86700
1770820764458 1e-05 86750
1770820766336 1e-05 86800
1770820768108 1e-05 86850
1770820769949 1e-05 86900
1770820771803 1e-05 86950
1770820773616 1e-05 87000
1770820775487 1e-05 87050
1770820777317 1e-05 87100
1770820779143 1e-05 87150
1770820848412 1e-05 87200
1770820851171 1e-05 87250
1770820853024 1e-05 87300
1770820854825 1e-05 87350
1770820856670 1e-05 87400
1770820858429 1e-05 87450
1770820860259 1e-05 87500
1770820862164 1e-05 87550
1770820864002 1e-05 87600
1770820865851 1e-05 87650
1770820867688 1e-05 87700
1770820869464 1e-05 87750
1770820871385 1e-05 87800
1770820873165 1e-05 87850
1770820874941 1e-05 87900
1770820876756 1e-05 87950
1770820949194 1e-05 88000
1770820951919 1e-05 88050
1770820953817 1e-05 88100
1770820955634 1e-05 88150
1770820957431 1e-05 88200
1770820959196 1e-05 88250
1770820960997 1e-05 88300
1770820962769 1e-05 88350
1770820964561 1e-05 88400
1770820966387 1e-05 88450
1770820968175 1e-05 88500
1770820969962 1e-05 88550
1770820971784 1e-05 88600
1770820973605 1e-05 88650
1770820975463 1e-05 88700
1770820977333 1e-05 88750
1770821044852 1e-05 88800
1770821047513 1e-05 88850
1770821049386 1e-05 88900
1770821051230 1e-05 88950
1770821053035 1e-05 89000
1770821054847 1e-05 89050
1770821056621 1e-05 89100
1770821058546 1e-05 89150
1770821060328 1e-05 89200
1770821062141 1e-05 89250
1770821063935 1e-05 89300
1770821065815 1e-05 89350
1770821067825 1e-05 89400
1770821069700 1e-05 89450
1770821071529 1e-05 89500
1770821073329 1e-05 89550
1770821141760 1e-05 89600
1770821144513 1e-05 89650
1770821146433 1e-05 89700
1770821148331 1e-05 89750
1770821150125 1e-05 89800
1770821151993 1e-05 89850
1770821153772 1e-05 89900
1770821155645 1e-05 89950
1770821157473 1e-05 90000
1770821159270 1e-05 90050
1770821161128 1e-05 90100
1770821162943 1e-05 90150
1770821164748 1e-05 90200
1770821166606 1e-05 90250
1770821168494 1e-05 90300
1770821170323 1e-05 90350
1770821239564 1e-05 90400
1770821242280 1e-05 90450
1770821244129 1e-05 90500
1770821245932 1e-05 90550
1770821247722 1e-05 90600
1770821249509 1e-05 90650
1770821251288 1e-05 90700
1770821253116 1e-05 90750
1770821254926 1e-05 90800
1770821256734 1e-05 90850
1770821258648 1e-05 90900
1770821260417 1e-05 90950
1770821262272 1e-05 91000
1770821264144 1e-05 91050
1770821265951 1e-05 91100
1770821267805 1e-05 91150
1770821336974 1e-05 91200
1770821339763 1e-05 91250
1770821341564 1e-05 91300
1770821343452 1e-05 91350
1770821345270 1e-05 91400
1770821347160 1e-05 91450
1770821348971 1e-05 91500
1770821350887 1e-05 91550
1770821352722 1e-05 91600
1770821354578 1e-05 91650
1770821356364 1e-05 91700
1770821358173 1e-05 91750
1770821360044 1e-05 91800
1770821361882 1e-05 91850
1770821363696 1e-05 91900
1770821365529 1e-05 91950
1770821435553 1e-05 92000
1770821438178 1e-05 92050
1770821440001 1e-05 92100
1770821441747 1e-05 92150
1770821443588 1e-05 92200
1770821445395 1e-05 92250
1770821447191 1e-05 92300
1770821448978 1e-05 92350
1770821450842 1e-05 92400
1770821452746 1e-05 92450
1770821454535 1e-05 92500
1770821456387 1e-05 92550
1770821458198 1e-05 92600
1770821460023 1e-05 92650
1770821461827 1e-05 92700
1770821463674 1e-05 92750
1770821536124 1e-05 92800
1770821538952 1e-05 92850
1770821540801 1e-05 92900
1770821542574 1e-05 92950
1770821544404 1e-05 93000
1770821546275 1e-05 93050
1770821548107 1e-05 93100
1770821549918 1e-05 93150
1770821551796 1e-05 93200
1770821553771 1e-05 93250
1770821555591 1e-05 93300
1770821557365 1e-05 93350
1770821559202 1e-05 93400
1770821561031 1e-05 93450
1770821562903 1e-05 93500
1770821564814 1e-05 93550
1770821637139 1e-05 93600
1770821639827 1e-05 93650
1770821641753 1e-05 93700
1770821643628 1e-05 93750
1770821645440 1e-05 93800
1770821647317 1e-05 93850
1770821649123 1e-05 93900
1770821650942 1e-05 93950
1770821652794 1e-05 94000
1770821654546 1e-05 94050
1770821656412 1e-05 94100
1770821658248 1e-05 94150
1770821660125 1e-05 94200
1770821662004 1e-05 94250
1770821663828 1e-05 94300
1770821665722 1e-05 94350
1770821734838 1e-05 94400
1770821737393 1e-05 94450
1770821739231 1e-05 94500
1770821741047 1e-05 94550
1770821742902 1e-05 94600
1770821744700 1e-05 94650
1770821746571 1e-05 94700
1770821748433 1e-05 94750
1770821750259 1e-05 94800
1770821752093 1e-05 94850
1770821753913 1e-05 94900
1770821755682 1e-05 94950
1770821757492 1e-05 95000
1770821759398 1e-05 95050
1770821761207 1e-05 95100
1770821762985 1e-05 95150
1770821832185 1e-05 95200
1770821834834 1e-05 95250
1770821836637 1e-05 95300
1770821838554 1e-05 95350
1770821840377 1e-05 95400
1770821842211 1e-05 95450
1770821843986 1e-05 95500
1770821845820 1e-05 95550
1770821847627 1e-05 95600
1770821849451 1e-05 95650
1770821851260 1e-05 95700
1770821853032 1e-05 95750
1770821854768 1e-05 95800
1770821856617 1e-05 95850
1770821858484 1e-05 95900
1770821860313 1e-05 95950
1770821932639 1e-05 96000
1770821935335 1e-05 96050
1770821937152 1e-05 96100
1770821939050 1e-05 96150
1770821940893 1e-05 96200
1770821942737 1e-05 96250
1770821944546 1e-05 96300
1770821946454 1e-05 96350
1770821948240 1e-05 96400
1770821950081 1e-05 96450
1770821951958 1e-05 96500
1770821953802 1e-05 96550
1770821955672 1e-05 96600
1770821957490 1e-05 96650
1770821959310 1e-05 96700
1770821961199 1e-05 96750
1770822031146 1e-05 96800
1770822033902 1e-05 96850
1770822035797 1e-05 96900
1770822037671 1e-05 96950
1770822039512 1e-05 97000
1770822041347 1e-05 97050
1770822043211 1e-05 97100
1770822045077 1e-05 97150
1770822046895 1e-05 97200
1770822048705 1e-05 97250
1770822050560 1e-05 97300
1770822052361 1e-05 97350
1770822054166 1e-05 97400
1770822056003 1e-05 97450
1770822057834 1e-05 97500
1770822059819 1e-05 97550
1770822128921 1e-05 97600
1770822131721 1e-05 97650
1770822133597 1e-05 97700
1770822135365 1e-05 97750
1770822137193 1e-05 97800
1770822138974 1e-05 97850
1770822140818 1e-05 97900
1770822142696 1e-05 97950
1770822144671 1e-05 98000
1770822146618 1e-05 98050
1770822148542 1e-05 98100
1770822150401 1e-05 98150
1770822152290 1e-05 98200
1770822154197 1e-05 98250
1770822155993 1e-05 98300
1770822157843 1e-05 98350
1770822226966 1e-05 98400
1770822229765 1e-05 98450
1770822231581 1e-05 98500
1770822233450 1e-05 98550
1770822235310 1e-05 98600
1770822237157 1e-05 98650
1770822238984 1e-05 98700
1770822240864 1e-05 98750
1770822242731 1e-05 98800
1770822244600 1e-05 98850
1770822246449 1e-05 98900
1770822248263 1e-05 98950
1770822250053 1e-05 99000
1770822252048 1e-05 99050
1770822253896 1e-05 99100
1770822255701 1e-05 99150
1770822323334 1e-05 99200
1770822326052 1e-05 99250
1770822327924 1e-05 99300
1770822329752 1e-05 99350
1770822331630 1e-05 99400
1770822333439 1e-05 99450
1770822335228 1e-05 99500
1770822337076 1e-05 99550
1770822338900 1e-05 99600
1770822340732 1e-05 99650
1770822342528 1e-05 99700
1770822344431 1e-05 99750
1770822346224 1e-05 99800
1770822348098 1e-05 99850
1770822349952 1e-05 99900
1770822351797 1e-05 99950
1770810336128 1e-05 0
