1770810336183 241519.0 0
1770810338823 430603.0 50
1770810341400 337911.0 100
1770810343961 719534.0 150
1770810346319 131984.0 200
1770810348518 150599.0 250
1770810350677 722276.0 300
1770810352611 259179.0 350
1770810354604 244252.0 400
1770810356426 219777.0 450
1770810358303 191261.0 500
1770810360078 150109.0 550
1770810361951 181458.0 600
1770810363856 288709.0 650
1770810365559 503046.0 700
1770810367262 117801.0 750
1770810448856 315505.0 800
1770810450739 268140.0 850
1770810452453 211695.0 900
1770810454158 175269.0 950
1770810455867 722767.0 1000
1770810457610 356557.0 1050
1770810459257 236478.0 1100
1770810460972 237987.0 1150
1770810462615 212727.0 1200
1770810464285 459043.0 1250
1770810466020 467349.0 1300
1770810467634 178893.0 1350
1770810469239 195942.0 1400
1770810470871 253795.0 1450
1770810472496 438286.0 1500
1770810474143 227496.0 1550
1770810542806 240290.0 1600
1770810544607 316088.0 1650
1770810546341 187988.0 1700
1770810548183 650491.0 1750
1770810549851 67782.0 1800
1770810551547 379306.0 1850
1770810553155 172115.0 1900
1770810554826 207930.0 1950
1770810556502 289313.0 2000
1770810558179 302292.0 2050
1770810559927 206701.0 2100
1770810561677 540460.0 2150
1770810563363 157767.0 2200
1770810565040 371364.0 2250
1770810566690 119696.0 2300
1770810568307 818730.0 2350
1770810637567 261293.0 2400
1770810639388 250396.0 2450
1770810641001 355731.0 2500
1770810642608 462053.0 2550
1770810644240 1027632.0 2600
1770810645888 123358.0 2650
1770810647534 192834.0 2700
1770810649186 145108.0 2750
1770810650854 39190.0 2800
1770810652427 197422.0 2850
1770810654003 123819.0 2900
1770810655703 988907.0 2950
1770810657344 231491.0 3000
1770810658985 170578.0 3050
1770810660638 170237.0 3100
1770810662351 265683.0 3150
1770810732074 124036.0 3200
1770810733954 378325.0 3250
1770810735660 483698.0 3300
1770810737241 283783.0 3350
1770810738949 339595.0 3400
1770810740580 308990.0 3450
1770810742199 161787.0 3500
1770810743844 212056.0 3550
1770810745482 252905.0 3600
1770810747097 218651.0 3650
1770810748708 96429.0 3700
1770810750376 174500.0 3750
1770810751979 189131.0 3800
1770810753603 214806.0 3850
1770810755262 261093.0 3900
1770810756968 182101.0 3950
1770810824981 142653.0 4000
1770810826854 119012.0 4050
1770810828460 225692.0 4100
1770810830082 568896.0 4150
1770810831689 65743.0 4200
1770810833387 254049.0 4250
1770810835017 88655.0 4300
1770810836665 303204.0 4350
1770810838361 1141783.0 4400
1770810839956 133262.0 4450
1770810841540 260227.0 4500
1770810843243 133513.0 4550
1770810844889 175368.0 4600
1770810846504 183876.0 4650
1770810848224 232071.0 4700
1770810849867 580766.0 4750
1770810919827 102473.0 4800
1770810921812 286642.0 4850
1770810923435 238977.0 4900
1770810925144 204523.0 4950
1770810926826 142285.0 5000
1770810928571 427693.0 5050
1770810930339 340766.0 5100
1770810932145 210167.0 5150
1770810933909 104192.0 5200
1770810935741 251797.0 5250
1770810937504 508896.0 5300
1770810939251 308348.0 5350
1770810941064 451270.0 5400
1770810942864 179611.0 5450
1770810944679 127689.0 5500
1770810946361 148230.0 5550
1770811016122 223657.0 5600
1770811018014 220835.0 5650
1770811019669 115778.0 5700
1770811021354 209747.0 5750
1770811023041 103929.0 5800
1770811024650 429586.0 5850
1770811026264 193604.0 5900
1770811027879 78588.0 5950
1770811029545 179491.0 6000
1770811031259 239997.0 6050
1770811032916 196348.0 6100
1770811034567 88386.0 6150
1770811036259 283331.0 6200
1770811037967 280813.0 6250
1770811039567 245876.0 6300
1770811041225 269946.0 6350
1770811109199 277567.0 6400
1770811111109 296701.0 6450
1770811112787 286357.0 6500
1770811114386 169249.0 6550
1770811116099 315126.0 6600
1770811117705 294781.0 6650
1770811119367 270074.0 6700
1770811121089 172729.0 6750
1770811122747 137946.0 6800
1770811124407 281427.0 6850
1770811126000 149447.0 6900
1770811127688 301264.0 6950
1770811129325 718732.0 7000
1770811131014 141079.0 7050
1770811132718 195094.0 7100
1770811134425 62516.0 7150
1770811203899 227980.0 7200
1770811205766 148716.0 7250
1770811207408 214000.0 7300
1770811209034 281501.0 7350
1770811210696 259176.0 7400
1770811212397 482933.0 7450
1770811214140 82279.0 7500
1770811215832 263670.0 7550
1770811217575 150492.0 7600
1770811219239 191413.0 7650
1770811220870 237907.0 7700
1770811222523 201812.0 7750
1770811224208 372925.0 7800
1770811225845 392036.0 7850
1770811227506 300877.0 7900
1770811229171 298076.0 7950
1770811299576 82506.0 8000
1770811301396 189389.0 8050
1770811302994 340582.0 8100
1770811304643 231362.0 8150
1770811306322 326946.0 8200
1770811308021 321328.0 8250
1770811309647 237987.0 8300
1770811311303 245614.0 8350
1770811313010 271581.0 8400
1770811314698 126165.0 8450
1770811316302 319849.0 8500
1770811317938 274297.0 8550
1770811319562 245448.0 8600
1770811321218 128441.0 8650
1770811322920 159721.0 8700
1770811324517 208706.0 8750
1770811392828 227606.0 8800
1770811394853 168920.0 8850
1770811396586 256962.0 8900
1770811398330 147841.0 8950
1770811400107 289459.0 9000
1770811401855 355569.0 9050
1770811403608 313369.0 9100
1770811405368 170889.0 9150
1770811407004 325906.0 9200
1770811408704 261851.0 9250
1770811410366 381480.0 9300
1770811412122 269484.0 9350
1770811413863 275072.0 9400
1770811415664 194379.0 9450
1770811417383 68404.0 9500
1770811419174 198526.0 9550
1770811487832 132700.0 9600
1770811489753 79588.0 9650
1770811491426 81489.0 9700
1770811493112 191196.0 9750
1770811494786 428323.0 9800
1770811496472 344140.0 9850
1770811498180 811065.0 9900
1770811499773 324185.0 9950
1770811501466 313341.0 10000
1770811503107 188707.0 10050
1770811504823 140220.0 10100
1770811506518 201128.0 10150
1770811508177 813259.0 10200
1770811509864 311987.0 10250
1770811511582 208118.0 10300
1770811513280 122881.0 10350
1770811583697 153156.0 10400
1770811585608 273467.0 10450
1770811587279 167911.0 10500
1770811588927 229820.0 10550
1770811590581 376421.0 10600
1770811592241 216677.0 10650
1770811593910 199289.0 10700
1770811595543 60281.0 10750
1770811597154 526445.0 10800
1770811598823 482653.0 10850
1770811600504 310577.0 10900
1770811602168 178465.0 10950
1770811603865 142824.0 11000
1770811605561 191489.0 11050
1770811607242 334711.0 11100
1770811608922 129496.0 11150
1770811676712 216611.0 11200
1770811678511 144879.0 11250
1770811680194 183746.0 11300
1770811681874 168009.0 11350
1770811683559 253608.0 11400
1770811685201 275884.0 11450
1770811686854 273940.0 11500
1770811688492 237296.0 11550
1770811690158 136461.0 11600
1770811691855 85964.0 11650
1770811693483 281177.0 11700
1770811695159 272026.0 11750
1770811696819 272705.0 11800
1770811698406 575880.0 11850
1770811700086 352230.0 11900
1770811701781 342405.0 11950
1770811771268 326898.0 12000
1770811773178 366413.0 12050
1770811774894 267114.0 12100
1770811776542 236387.0 12150
1770811778223 424656.0 12200
1770811779927 275442.0 12250
1770811781576 139204.0 12300
1770811783223 261567.0 12350
1770811784900 437645.0 12400
1770811786582 201750.0 12450
1770811788305 129397.0 12500
1770811790017 291270.0 12550
1770811791658 275085.0 12600
1770811793351 94287.0 12650
1770811794981 302313.0 12700
1770811796649 146431.0 12750
1770811866193 253553.0 12800
1770811867992 147068.0 12850
1770811869633 135881.0 12900
1770811871313 333902.0 12950
1770811873002 693759.0 13000
1770811874641 234113.0 13050
1770811876359 306973.0 13100
1770811878038 271588.0 13150
1770811879712 271962.0 13200
1770811881360 195800.0 13250
1770811883025 343940.0 13300
1770811884739 194112.0 13350
1770811886377 221966.0 13400
1770811888090 152063.0 13450
1770811889798 102376.0 13500
1770811891429 280877.0 13550
1770811960997 259307.0 13600
1770811962808 303110.0 13650
1770811964534 149802.0 13700
1770811966223 180223.0 13750
1770811967877 290139.0 13800
1770811969505 184465.0 13850
1770811971114 287892.0 13900
1770811972777 147271.0 13950
1770811974493 117535.0 14000
1770811976232 566791.0 14050
1770811977899 213534.0 14100
1770811979582 214900.0 14150
1770811981234 168752.0 14200
1770811982882 167956.0 14250
1770811984520 284542.0 14300
1770811986155 266804.0 14350
1770812055667 477015.0 14400
1770812057550 334620.0 14450
1770812059273 221505.0 14500
1770812060919 164264.0 14550
1770812062637 163100.0 14600
1770812064274 364145.0 14650
1770812065982 418541.0 14700
1770812067729 247938.0 14750
1770812069397 371391.0 14800
1770812071048 162140.0 14850
1770812072787 175341.0 14900
1770812074408 533901.0 14950
1770812076095 221981.0 15000
1770812077764 61214.0 15050
1770812079475 332240.0 15100
1770812081098 223523.0 15150
1770812150708 193752.0 15200
1770812152566 239091.0 15250
1770812154331 105513.0 15300
1770812156009 270305.0 15350
1770812157774 238831.0 15400
1770812159538 268420.0 15450
1770812161177 227685.0 15500
1770812162906 289176.0 15550
1770812164600 174872.0 15600
1770812166321 208965.0 15650
1770812168084 119681.0 15700
1770812169730 154005.0 15750
1770812171399 749082.0 15800
1770812173157 423715.0 15850
1770812174832 291750.0 15900
1770812176573 407738.0 15950
1770812246845 411715.0 16000
1770812248710 679318.0 16050
1770812250331 218532.0 16100
1770812252031 163457.0 16150
1770812253761 302964.0 16200
1770812255403 185776.0 16250
1770812257065 168331.0 16300
1770812258830 203680.0 16350
1770812260447 232336.0 16400
1770812262176 387273.0 16450
1770812263871 215675.0 16500
1770812265516 298085.0 16550
1770812267193 99964.0 16600
1770812268858 108166.0 16650
1770812270519 286541.0 16700
1770812272207 341443.0 16750
1770812345062 194409.0 16800
1770812346953 195357.0 16850
1770812348652 480417.0 16900
1770812350299 333175.0 16950
1770812352017 330543.0 17000
1770812353707 81522.0 17050
1770812355418 305555.0 17100
1770812357141 300716.0 17150
1770812358854 276319.0 17200
1770812360497 248121.0 17250
1770812362209 242694.0 17300
1770812363886 153239.0 17350
1770812365537 129891.0 17400
1770812367199 461769.0 17450
1770812368855 506294.0 17500
1770812370491 73795.0 17550
1770812439878 658910.0 17600
1770812441805 59591.0 17650
1770812443458 350613.0 17700
1770812445145 245013.0 17750
1770812446886 193675.0 17800
1770812448562 89968.0 17850
1770812450176 220205.0 17900
1770812451946 252427.0 17950
1770812453714 329217.0 18000
1770812455380 509720.0 18050
1770812457081 332618.0 18100
1770812458804 226960.0 18150
1770812460511 158504.0 18200
1770812462172 235642.0 18250
1770812463800 389810.0 18300
1770812465457 386994.0 18350
1770812534912 183371.0 18400
1770812536730 304331.0 18450
1770812538429 220291.0 18500
1770812540177 102486.0 18550
1770812541869 163965.0 18600
1770812543533 245745.0 18650
1770812545242 30803.0 18700
1770812546994 171975.0 18750
1770812548650 189031.0 18800
1770812550286 295576.0 18850
1770812551994 212801.0 18900
1770812553681 196794.0 18950
1770812555347 126853.0 19000
1770812557102 384709.0 19050
1770812558822 218328.0 19100
1770812560514 250105.0 19150
1770812630122 393830.0 19200
1770812631931 299549.0 19250
1770812633605 296957.0 19300
1770812635305 209019.0 19350
1770812636935 217002.0 19400
1770812638659 336201.0 19450
1770812640336 673478.0 19500
1770812642038 261370.0 19550
1770812643729 144827.0 19600
1770812645394 85324.0 19650
1770812647099 294677.0 19700
1770812648785 169736.0 19750
1770812650494 418444.0 19800
1770812652224 163330.0 19850
1770812653949 191840.0 19900
1770812655600 182154.0 19950
1770812728472 279197.0 20000
1770812730258 562402.0 20050
1770812731918 189685.0 20100
1770812733620 205716.0 20150
1770812735359 897327.0 20200
1770812737010 541597.0 20250
1770812738670 199029.0 20300
1770812740398 191622.0 20350
1770812742098 167088.0 20400
1770812743735 357915.0 20450
1770812745402 390758.0 20500
1770812747135 181092.0 20550
1770812748854 170913.0 20600
1770812750556 227756.0 20650
1770812752266 165875.0 20700
1770812753974 162277.0 20750
1770812821828 203283.0 20800
1770812823738 137103.0 20850
1770812825401 174791.0 20900
1770812827054 167047.0 20950
1770812828708 172557.0 21000
1770812830410 368098.0 21050
1770812832082 353227.0 21100
1770812833716 266134.0 21150
1770812835411 230020.0 21200
1770812837084 549505.0 21250
1770812838738 721716.0 21300
1770812840400 209090.0 21350
1770812842031 183103.0 21400
1770812843673 856104.0 21450
1770812845354 211046.0 21500
1770812847032 247408.0 21550
1770812914995 262410.0 21600
1770812916886 191620.0 21650
1770812918665 833026.0 21700
1770812920312 308637.0 21750
1770812921972 702294.0 21800
1770812923647 231462.0 21850
1770812925376 211167.0 21900
1770812927149 295272.0 21950
1770812928865 205371.0 22000
1770812930489 424577.0 22050
1770812932185 248482.0 22100
1770812933876 197387.0 22150
1770812935498 308994.0 22200
1770812937212 206283.0 22250
1770812938898 174219.0 22300
1770812940592 374098.0 22350
1770813011011 294462.0 22400
1770813012906 203892.0 22450
1770813014586 190371.0 22500
1770813016276 238194.0 22550
1770813018019 220182.0 22600
1770813019713 239882.0 22650
1770813021400 127900.0 22700
1770813023113 273063.0 22750
1770813024767 536015.0 22800
1770813026424 443629.0 22850
1770813028101 237925.0 22900
1770813029814 97287.0 22950
1770813031518 273387.0 23000
1770813033215 191208.0 23050
1770813034881 177652.0 23100
1770813036537 160368.0 23150
1770813106936 233375.0 23200
1770813108806 270887.0 23250
1770813110485 226450.0 23300
1770813112101 240598.0 23350
1770813113853 304171.0 23400
1770813115546 191804.0 23450
1770813117263 250733.0 23500
1770813118943 243055.0 23550
1770813120628 353402.0 23600
1770813122317 304767.0 23650
1770813124002 57757.0 23700
1770813125760 215747.0 23750
1770813127422 196340.0 23800
1770813129102 552705.0 23850
1770813130797 192341.0 23900
1770813132566 317817.0 23950
1770813202959 126193.0 24000
1770813204942 283137.0 24050
1770813206635 195694.0 24100
1770813208329 232162.0 24150
1770813210038 208658.0 24200
1770813211698 441078.0 24250
1770813213436 213332.0 24300
1770813215107 437246.0 24350
1770813216824 121935.0 24400
1770813218519 265274.0 24450
1770813220219 229280.0 24500
1770813221870 307788.0 24550
1770813223582 258360.0 24600
1770813225342 327466.0 24650
1770813227066 246448.0 24700
1770813228800 180176.0 24750
1770813298448 205295.0 24800
1770813300333 132063.0 24850
1770813302044 222772.0 24900
1770813303731 680971.0 24950
1770813305386 141614.0 25000
1770813307077 293801.0 25050
1770813308845 264203.0 25100
1770813310525 287682.0 25150
1770813312241 160537.0 25200
1770813313919 228513.0 25250
1770813315598 124119.0 25300
1770813317331 754110.0 25350
1770813318998 321774.0 25400
1770813320703 91961.0 25450
1770813322378 191199.0 25500
1770813324070 234663.0 25550
1770813392003 60272.0 25600
1770813393864 203901.0 25650
1770813395534 232428.0 25700
1770813397261 272204.0 25750
1770813398980 386585.0 25800
1770813400707 177138.0 25850
1770813402308 238861.0 25900
1770813404055 803791.0 25950
1770813405773 300045.0 26000
1770813407436 111245.0 26050
1770813409115 276491.0 26100
1770813410935 296153.0 26150
1770813412623 221588.0 26200
1770813414294 182217.0 26250
1770813415983 448322.0 26300
1770813417675 166704.0 26350
1770813487340 716771.0 26400
1770813489231 309105.0 26450
1770813490893 471425.0 26500
1770813492584 176104.0 26550
1770813494269 191678.0 26600
1770813495920 257330.0 26650
1770813497689 251416.0 26700
1770813499398 212575.0 26750
1770813501089 83077.0 26800
1770813502796 217502.0 26850
1770813504511 260061.0 26900
1770813506230 179090.0 26950
1770813507917 476833.0 27000
1770813509678 516337.0 27050
1770813511374 157197.0 27100
1770813513016 247377.0 27150
1770813582641 406131.0 27200
1770813584532 164809.0 27250
1770813586281 214112.0 27300
1770813587996 108438.0 27350
1770813589743 181934.0 27400
1770813591468 172643.0 27450
1770813593249 162963.0 27500
1770813594935 304319.0 27550
1770813596688 522219.0 27600
1770813598350 107108.0 27650
1770813600096 203951.0 27700
1770813601852 198801.0 27750
1770813603533 138193.0 27800
1770813605186 180839.0 27850
1770813606900 191318.0 27900
1770813608645 272357.0 27950
1770813678257 136240.0 28000
1770813680155 603746.0 28050
1770813681809 261226.0 28100
1770813683524 328628.0 28150
1770813685195 139879.0 28200
1770813686885 259581.0 28250
1770813688584 268867.0 28300
1770813690245 190972.0 28350
1770813691902 307210.0 28400
1770813693556 110216.0 28450
1770813695280 330799.0 28500
1770813696950 222716.0 28550
1770813698651 119716.0 28600
1770813700365 283786.0 28650
1770813702079 67651.0 28700
1770813703744 257085.0 28750
1770813773261 153224.0 28800
1770813775218 210253.0 28850
1770813776900 336758.0 28900
1770813778578 177850.0 28950
1770813780315 274649.0 29000
1770813782020 316226.0 29050
1770813783715 304641.0 29100
1770813785425 351032.0 29150
1770813787120 142903.0 29200
1770813788801 262881.0 29250
1770813790467 1356249.0 29300
1770813792180 222703.0 29350
1770813793908 419720.0 29400
1770813795605 624401.0 29450
1770813797274 323998.0 29500
1770813798988 253129.0 29550
1770813866968 226884.0 29600
1770813868869 750971.0 29650
1770813870532 281552.0 29700
1770813872211 172936.0 29750
1770813873965 146901.0 29800
1770813875594 353433.0 29850
1770813877275 529827.0 29900
1770813879012 207199.0 29950
1770813880799 204783.0 30000
1770813882448 304383.0 30050
1770813884220 303870.0 30100
1770813885883 165591.0 30150
1770813887546 74501.0 30200
1770813889244 250563.0 30250
1770813890952 427495.0 30300
1770813892685 90883.0 30350
1770813960784 244922.0 30400
1770813962766 457310.0 30450
1770813964465 308404.0 30500
1770813966194 172661.0 30550
1770813967899 196799.0 30600
1770813969579 318013.0 30650
1770813971274 370846.0 30700
1770813972967 203803.0 30750
1770813974737 233818.0 30800
1770813976446 318425.0 30850
1770813978167 285183.0 30900
1770813979830 336401.0 30950
1770813981522 877649.0 31000
1770813983263 337901.0 31050
1770813984943 349296.0 31100
1770813986601 74970.0 31150
1770814056315 168950.0 31200
1770814058212 345920.0 31250
1770814059929 478025.0 31300
1770814061620 201024.0 31350
1770814063289 496649.0 31400
1770814065044 241094.0 31450
1770814066795 212113.0 31500
1770814068557 239376.0 31550
1770814070204 192566.0 31600
1770814071905 340676.0 31650
1770814073567 228444.0 31700
1770814075302 81287.0 31750
1770814077030 233781.0 31800
1770814078733 115764.0 31850
1770814080439 270389.0 31900
1770814082171 561728.0 31950
1770814151877 327325.0 32000
1770814153786 199315.0 32050
1770814155482 173985.0 32100
1770814157164 228778.0 32150
1770814158884 181702.0 32200
1770814160632 248954.0 32250
1770814162305 123375.0 32300
1770814164113 236682.0 32350
1770814165777 245553.0 32400
1770814167485 360934.0 32450
1770814169232 341545.0 32500
1770814170934 376730.0 32550
1770814172628 280913.0 32600
1770814174349 135967.0 32650
1770814176064 360599.0 32700
1770814177693 266452.0 32750
1770814247463 236147.0 32800
1770814249456 101455.0 32850
1770814251191 369549.0 32900
1770814253009 614817.0 32950
1770814254742 285223.0 33000
1770814256473 89071.0 33050
1770814258171 250111.0 33100
1770814259872 339030.0 33150
1770814261608 150638.0 33200
1770814263352 420278.0 33250
1770814265061 158859.0 33300
1770814266749 355824.0 33350
1770814268458 217939.0 33400
1770814270215 379329.0 33450
1770814271872 695784.0 33500
1770814273551 134623.0 33550
1770814343139 53680.0 33600
1770814345096 271802.0 33650
1770814346823 566982.0 33700
1770814348522 187749.0 33750
1770814350268 168030.0 33800
1770814351986 131334.0 33850
1770814353695 291968.0 33900
1770814355433 120140.0 33950
1770814357101 173739.0 34000
1770814358796 284365.0 34050
1770814360553 259287.0 34100
1770814362274 204140.0 34150
1770814363962 263828.0 34200
1770814365708 191900.0 34250
1770814367407 289153.0 34300
1770814369059 217833.0 34350
1770814438786 269483.0 34400
1770814440661 489680.0 34450
1770814442372 192648.0 34500
1770814444051 431243.0 34550
1770814445800 95509.0 34600
1770814447491 287867.0 34650
1770814449244 183849.0 34700
1770814450996 268098.0 34750
1770814452710 244252.0 34800
1770814454381 224727.0 34850
1770814456145 222887.0 34900
1770814457836 253082.0 34950
1770814459564 224934.0 35000
1770814461295 289506.0 35050
1770814463020 181709.0 35100
1770814464733 341505.0 35150
1770814534414 435262.0 35200
1770814536274 142728.0 35250
1770814537997 199730.0 35300
1770814539712 400475.0 35350
1770814541361 192818.0 35400
1770814543054 385442.0 35450
1770814544758 267842.0 35500
1770814546519 323242.0 35550
1770814548270 270409.0 35600
1770814549983 284859.0 35650
1770814551714 252621.0 35700
1770814553380 73271.0 35750
1770814555084 275256.0 35800
1770814556795 372563.0 35850
1770814558450 307796.0 35900
1770814560173 291285.0 35950
1770814629873 227978.0 36000
1770814631883 228178.0 36050
1770814633563 227417.0 36100
1770814635244 148803.0 36150
1770814636969 796710.0 36200
1770814638666 343526.0 36250
1770814640416 602590.0 36300
1770814642147 175171.0 36350
1770814643921 291675.0 36400
1770814645678 106526.0 36450
1770814647413 268924.0 36500
1770814649147 383831.0 36550
1770814650906 264832.0 36600
1770814652612 437786.0 36650
1770814654303 221091.0 36700
1770814656033 267356.0 36750
1770814724240 327217.0 36800
1770814726159 231087.0 36850
1770814727900 128152.0 36900
1770814729627 426903.0 36950
1770814731286 197089.0 37000
1770814732980 299735.0 37050
1770814734665 190396.0 37100
1770814736341 581376.0 37150
1770814738025 249763.0 37200
1770814739803 271279.0 37250
1770814741522 198573.0 37300
1770814743219 297256.0 37350
1770814744946 300018.0 37400
1770814746633 157766.0 37450
1770814748355 352685.0 37500
1770814750064 131540.0 37550
1770814818092 465487.0 37600
1770814819896 131200.0 37650
1770814821627 91910.0 37700
1770814823303 122993.0 37750
1770814825081 244938.0 37800
1770814826826 396145.0 37850
1770814828576 168166.0 37900
1770814830384 157408.0 37950
1770814832075 179447.0 38000
1770814833788 109149.0 38050
1770814835497 270953.0 38100
1770814837197 52623.0 38150
1770814838857 254378.0 38200
1770814840588 428321.0 38250
1770814842330 149855.0 38300
1770814844075 267772.0 38350
1770814913654 147572.0 38400
1770814915540 81387.0 38450
1770814917263 149573.0 38500
1770814918995 127776.0 38550
1770814920692 259927.0 38600
1770814922371 273940.0 38650
1770814924144 300866.0 38700
1770814925888 158279.0 38750
1770814927572 259677.0 38800
1770814929356 243909.0 38850
1770814931079 158442.0 38900
1770814932805 256200.0 38950
1770814934502 147803.0 39000
1770814936288 367726.0 39050
1770814938034 163178.0 39100
1770814939777 353314.0 39150
1770815009489 275186.0 39200
1770815011372 439683.0 39250
1770815013107 301748.0 39300
1770815014916 199395.0 39350
1770815016601 172466.0 39400
1770815018411 181849.0 39450
1770815020134 221758.0 39500
1770815021897 288900.0 39550
1770815023643 194459.0 39600
1770815025328 242337.0 39650
1770815027036 93855.0 39700
1770815028787 245295.0 39750
1770815030529 145824.0 39800
1770815032235 290686.0 39850
1770815033926 230614.0 39900
1770815035647 188883.0 39950
1770815106166 232656.0 40000
1770815108129 157990.0 40050
1770815109863 297600.0 40100
1770815111586 206046.0 40150
1770815113418 207754.0 40200
1770815115092 236292.0 40250
1770815116797 161192.0 40300
1770815118546 274349.0 40350
1770815120267 285048.0 40400
1770815122061 76184.0 40450
1770815123753 410011.0 40500
1770815125452 185118.0 40550
1770815127179 236432.0 40600
1770815128976 122138.0 40650
1770815130704 427598.0 40700
1770815132413 279056.0 40750
1770815202867 556845.0 40800
1770815204871 182128.0 40850
1770815206718 274311.0 40900
1770815208489 287136.0 40950
1770815210272 307660.0 41000
1770815212049 287688.0 41050
1770815213885 224074.0 41100
1770815215776 428321.0 41150
1770815217638 169959.0 41200
1770815219457 302157.0 41250
1770815221256 142134.0 41300
1770815223096 296015.0 41350
1770815224860 252709.0 41400
1770815226636 253156.0 41450
1770815228400 466183.0 41500
1770815230136 216922.0 41550
1770815303121 171265.0 41600
1770815304995 179975.0 41650
1770815306790 151083.0 41700
1770815308513 300732.0 41750
1770815310240 128453.0 41800
1770815311929 474275.0 41850
1770815313656 162790.0 41900
1770815315412 324960.0 41950
1770815317071 773677.0 42000
1770815318814 79951.0 42050
1770815320539 259684.0 42100
1770815322260 192458.0 42150
1770815324011 152768.0 42200
1770815325714 414550.0 42250
1770815327432 286617.0 42300
1770815329149 199890.0 42350
1770815398828 114210.0 42400
1770815400812 235797.0 42450
1770815402536 126276.0 42500
1770815404259 248348.0 42550
1770815405984 90415.0 42600
1770815407689 195472.0 42650
1770815409395 248709.0 42700
1770815411146 299620.0 42750
1770815412867 475799.0 42800
1770815414588 154922.0 42850
1770815416359 242350.0 42900
1770815418089 111773.0 42950
1770815419813 186415.0 43000
1770815421533 232918.0 43050
1770815423259 140115.0 43100
1770815424968 363161.0 43150
1770815497808 200427.0 43200
1770815499758 467626.0 43250
1770815501449 98533.0 43300
1770815503149 331537.0 43350
1770815504906 240239.0 43400
1770815506641 108674.0 43450
1770815508339 826731.0 43500
1770815510035 133813.0 43550
1770815511774 269370.0 43600
1770815513526 1067980.0 43650
1770815515289 246644.0 43700
1770815516985 237420.0 43750
1770815518713 407791.0 43800
1770815520435 268312.0 43850
1770815522117 116802.0 43900
1770815523811 190220.0 43950
1770815593546 246691.0 44000
1770815595471 241947.0 44050
1770815597213 377876.0 44100
1770815598909 370466.0 44150
1770815600646 317423.0 44200
1770815602318 205015.0 44250
1770815604024 210446.0 44300
1770815605738 269566.0 44350
1770815607448 190738.0 44400
1770815609196 208644.0 44450
1770815610953 147004.0 44500
1770815612671 289164.0 44550
1770815614378 226807.0 44600
1770815616144 480035.0 44650
1770815617902 381347.0 44700
1770815619638 167065.0 44750
1770815687659 464233.0 44800
1770815689600 434280.0 44850
1770815691325 273519.0 44900
1770815693066 528392.0 44950
1770815694806 282327.0 45000
1770815696655 271116.0 45050
1770815698358 312083.0 45100
1770815700051 214289.0 45150
1770815701720 300310.0 45200
1770815703432 83951.0 45250
1770815705202 102837.0 45300
1770815706936 461578.0 45350
1770815708669 179616.0 45400
1770815710402 734073.0 45450
1770815712161 284310.0 45500
1770815713899 167412.0 45550
1770815783535 312562.0 45600
1770815785470 327487.0 45650
1770815787234 132225.0 45700
1770815788927 215221.0 45750
1770815790601 243130.0 45800
1770815792362 100186.0 45850
1770815794086 165017.0 45900
1770815795893 136386.0 45950
1770815797641 320145.0 46000
1770815799351 352654.0 46050
1770815801071 371744.0 46100
1770815802849 186136.0 46150
1770815804578 237111.0 46200
1770815806336 145854.0 46250
1770815808073 239539.0 46300
1770815809847 163750.0 46350
1770815882765 283372.0 46400
1770815884652 263619.0 46450
1770815886440 247269.0 46500
1770815888127 123505.0 46550
1770815889851 357630.0 46600
1770815891602 291760.0 46650
1770815893361 217687.0 46700
1770815895158 260994.0 46750
1770815896853 210563.0 46800
1770815898592 544049.0 46850
1770815900326 624377.0 46900
1770815902024 456866.0 46950
1770815903882 269419.0 47000
1770815905660 228964.0 47050
1770815907390 453203.0 47100
1770815909129 745887.0 47150
1770815978817 260224.0 47200
1770815980700 292320.0 47250
1770815982452 159019.0 47300
1770815984191 261876.0 47350
1770815985944 345028.0 47400
1770815987733 210803.0 47450
1770815989406 354846.0 47500
1770815991140 275481.0 47550
1770815992835 219514.0 47600
1770815994603 233929.0 47650
1770815996327 272427.0 47700
1770815998047 140271.0 47750
1770815999717 297864.0 47800
1770816001476 185891.0 47850
1770816003190 560227.0 47900
1770816004955 135471.0 47950
1770816074615 130477.0 48000
1770816076537 397249.0 48050
1770816078315 233034.0 48100
1770816080123 455374.0 48150
1770816081853 287200.0 48200
1770816083568 337517.0 48250
1770816085321 137714.0 48300
1770816087142 387737.0 48350
1770816088808 239479.0 48400
1770816090550 175559.0 48450
1770816092292 173565.0 48500
1770816094018 249443.0 48550
1770816095774 210132.0 48600
1770816097543 203910.0 48650
1770816099231 321915.0 48700
1770816100927 211967.0 48750
1770816170674 218748.0 48800
1770816172538 325144.0 48850
1770816174294 211153.0 48900
1770816176005 186377.0 48950
1770816177716 407334.0 49000
1770816179439 506996.0 49050
1770816181143 598676.0 49100
1770816182896 475368.0 49150
1770816184617 104404.0 49200
1770816186318 427242.0 49250
1770816188029 327775.0 49300
1770816189820 177048.0 49350
1770816191525 385113.0 49400
1770816193386 344234.0 49450
1770816195151 227516.0 49500
1770816196925 150008.0 49550
1770816266666 350761.0 49600
1770816268603 354023.0 49650
1770816270311 419604.0 49700
1770816272089 277222.0 49750
1770816273928 182075.0 49800
1770816275673 236422.0 49850
1770816277354 244926.0 49900
1770816279108 188381.0 49950
1770816280792 192339.0 50000
1770816282573 148105.0 50050
1770816284346 140771.0 50100
1770816286105 171731.0 50150
1770816287877 664051.0 50200
1770816289632 287297.0 50250
1770816291342 98122.0 50300
1770816293113 106576.0 50350
1770816362828 310752.0 50400
1770816364814 317493.0 50450
1770816366552 251638.0 50500
1770816368342 93353.0 50550
1770816370067 139928.0 50600
1770816371750 177338.0 50650
1770816373551 288529.0 50700
1770816375325 508282.0 50750
1770816377128 242534.0 50800
1770816378822 336579.0 50850
1770816380546 264979.0 50900
1770816382249 205173.0 50950
1770816383992 246032.0 51000
1770816385724 528214.0 51050
1770816387513 270398.0 51100
1770816389280 332789.0 51150
1770816459184 196663.0 51200
1770816460958 185434.0 51250
1770816462730 229238.0 51300
1770816464430 430689.0 51350
1770816466212 447430.0 51400
1770816468038 407201.0 51450
1770816469731 156029.0 51500
1770816471529 228913.0 51550
1770816473261 365782.0 51600
1770816475013 177659.0 51650
1770816476757 162672.0 51700
1770816478510 223548.0 51750
1770816480261 268025.0 51800
1770816482006 172093.0 51850
1770816483732 87262.0 51900
1770816485456 85214.0 51950
1770816555297 363682.0 52000
1770816557190 371447.0 52050
1770816558922 147368.0 52100
1770816560674 83518.0 52150
1770816562502 228837.0 52200
1770816564155 254969.0 52250
1770816565829 155494.0 52300
1770816567588 225858.0 52350
1770816569315 312390.0 52400
1770816571080 104947.0 52450
1770816572858 244794.0 52500
1770816574541 205612.0 52550
1770816576316 302637.0 52600
1770816578074 219693.0 52650
1770816579761 134183.0 52700
1770816581491 283361.0 52750
1770816654350 535272.0 52800
1770816656356 1097632.0 52850
1770816658061 128948.0 52900
1770816659756 224266.0 52950
1770816661557 373335.0 53000
1770816663276 158764.0 53050
1770816665014 758717.0 53100
1770816666820 459961.0 53150
1770816668527 244204.0 53200
1770816670250 243205.0 53250
1770816672082 176089.0 53300
1770816673851 454474.0 53350
1770816675553 375644.0 53400
1770816677378 158351.0 53450
1770816679182 316583.0 53500
1770816680948 321130.0 53550
1770816749051 245030.0 53600
1770816750965 185895.0 53650
1770816752763 193692.0 53700
1770816754545 297933.0 53750
1770816756293 121219.0 53800
1770816758059 188935.0 53850
1770816759805 215621.0 53900
1770816761595 104942.0 53950
1770816763331 315166.0 54000
1770816765061 171936.0 54050
1770816766855 336738.0 54100
1770816768541 310353.0 54150
1770816770331 437569.0 54200
1770816772191 217737.0 54250
1770816773935 150915.0 54300
1770816775682 289348.0 54350
1770816845359 168820.0 54400
1770816847308 197440.0 54450
1770816849013 237296.0 54500
1770816850732 187339.0 54550
1770816852521 417321.0 54600
1770816854327 107620.0 54650
1770816856036 246488.0 54700
1770816857813 154983.0 54750
1770816859539 127287.0 54800
1770816861202 173016.0 54850
1770816862952 384344.0 54900
1770816864697 160876.0 54950
1770816866459 277145.0 55000
1770816868210 185931.0 55050
1770816869908 230746.0 55100
1770816871648 158703.0 55150
1770816941332 190226.0 55200
1770816943242 107954.0 55250
1770816944991 303561.0 55300
1770816946713 202262.0 55350
1770816948520 294639.0 55400
1770816950377 60566.0 55450
1770816952138 215610.0 55500
1770816953983 453710.0 55550
1770816955797 238209.0 55600
1770816957635 101365.0 55650
1770816959425 179494.0 55700
1770816961274 369663.0 55750
1770816962974 128391.0 55800
1770816964718 95186.0 55850
1770816966510 170034.0 55900
1770816968198 420272.0 55950
1770817038907 313930.0 56000
1770817040880 446298.0 56050
1770817042690 270380.0 56100
1770817044419 187641.0 56150
1770817046205 79422.0 56200
1770817047936 313822.0 56250
1770817049616 219318.0 56300
1770817051380 415594.0 56350
1770817053124 110650.0 56400
1770817054856 156774.0 56450
1770817056720 604535.0 56500
1770817058479 174086.0 56550
1770817060194 429185.0 56600
1770817062030 250051.0 56650
1770817063765 91020.0 56700
1770817065474 166698.0 56750
1770817135196 235549.0 56800
1770817137189 339277.0 56850
1770817138961 369780.0 56900
1770817140654 165933.0 56950
1770817142377 892230.0 57000
1770817144168 239787.0 57050
1770817145936 194722.0 57100
1770817147689 440753.0 57150
1770817149518 256628.0 57200
1770817151222 263108.0 57250
1770817152970 193186.0 57300
1770817154680 60326.0 57350
1770817156390 305853.0 57400
1770817158169 139700.0 57450
1770817159903 307246.0 57500
1770817161716 251995.0 57550
1770817232237 306339.0 57600
1770817234186 292645.0 57650
1770817235946 557746.0 57700
1770817237626 302326.0 57750
1770817239397 292810.0 57800
1770817241179 189076.0 57850
1770817242930 184412.0 57900
1770817244753 406188.0 57950
1770817246443 378944.0 58000
1770817248136 83011.0 58050
1770817249900 116105.0 58100
1770817251546 310705.0 58150
1770817253275 380536.0 58200
1770817255124 415139.0 58250
1770817256854 430429.0 58300
1770817258616 381180.0 58350
1770817326883 275163.0 58400
1770817328743 287077.0 58450
1770817330450 442700.0 58500
1770817332200 190770.0 58550
1770817333970 340710.0 58600
1770817335733 220058.0 58650
1770817337480 188418.0 58700
1770817339319 210159.0 58750
1770817341017 248193.0 58800
1770817342822 170636.0 58850
1770817344573 290386.0 58900
1770817346352 1430930.0 58950
1770817348052 98573.0 59000
1770817349830 473014.0 59050
1770817351563 98448.0 59100
1770817353251 174329.0 59150
1770817423754 193457.0 59200
1770817425633 244888.0 59250
1770817427367 274240.0 59300
1770817429108 145051.0 59350
1770817430859 215028.0 59400
1770817432635 183072.0 59450
1770817434378 171878.0 59500
1770817436187 243495.0 59550
1770817437950 276899.0 59600
1770817439736 396028.0 59650
1770817441477 395402.0 59700
1770817443199 206050.0 59750
1770817444925 300300.0 59800
1770817446739 192017.0 59850
1770817448473 261277.0 59900
1770817450163 23492.0 59950
1770817519970 112408.0 60000
1770817521856 321669.0 60050
1770817523627 266294.0 60100
1770817525349 189704.0 60150
1770817527093 298257.0 60200
1770817528862 176505.0 60250
1770817530650 214611.0 60300
1770817532424 461313.0 60350
1770817534203 77654.0 60400
1770817535906 86078.0 60450
1770817537667 284474.0 60500
1770817539413 511139.0 60550
1770817541207 331982.0 60600
1770817543043 80450.0 60650
1770817544789 265510.0 60700
1770817546613 183567.0 60750
1770817619545 105151.0 60800
1770817621485 130609.0 60850
1770817623187 346345.0 60900
1770817624877 133524.0 60950
1770817626770 326624.0 61000
1770817628510 100033.0 61050
1770817630258 177411.0 61100
1770817632025 192411.0 61150
1770817633816 667269.0 61200
1770817635569 295001.0 61250
1770817637377 134507.0 61300
1770817639080 181899.0 61350
1770817640808 351130.0 61400
1770817642600 221997.0 61450
1770817644322 106196.0 61500
1770817646061 157060.0 61550
1770817714331 122312.0 61600
1770817716216 288962.0 61650
1770817718088 166212.0 61700
1770817719901 624869.0 61750
1770817721760 151632.0 61800
1770817723536 283499.0 61850
1770817725328 159165.0 61900
1770817727114 212948.0 61950
1770817728881 317695.0 62000
1770817730675 382010.0 62050
1770817732439 369927.0 62100
1770817734232 201706.0 62150
1770817736061 603126.0 62200
1770817737851 179355.0 62250
1770817739567 159333.0 62300
1770817741349 191910.0 62350
1770817810984 256459.0 62400
1770817813021 138140.0 62450
1770817814766 353028.0 62500
1770817816571 428241.0 62550
1770817818386 212104.0 62600
1770817820173 175353.0 62650
1770817821959 78606.0 62700
1770817823756 249575.0 62750
1770817825496 213111.0 62800
1770817827263 202153.0 62850
1770817829059 203642.0 62900
1770817830887 240684.0 62950
1770817832630 226742.0 63000
1770817834471 176788.0 63050
1770817836225 338684.0 63100
1770817838083 243694.0 63150
1770817907879 207455.0 63200
1770817909764 265962.0 63250
1770817911499 229636.0 63300
1770817913228 272132.0 63350
1770817915034 206204.0 63400
1770817916805 390121.0 63450
1770817918533 636161.0 63500
1770817920319 380399.0 63550
1770817922046 137141.0 63600
1770817923795 425882.0 63650
1770817925526 403657.0 63700
1770817927297 215949.0 63750
1770817929109 254143.0 63800
1770817930872 156786.0 63850
1770817932689 283015.0 63900
1770817934477 240746.0 63950
1770818007451 216074.0 64000
1770818009547 179303.0 64050
1770818011357 392871.0 64100
1770818013176 211645.0 64150
1770818014987 221493.0 64200
1770818016797 811702.0 64250
1770818018536 171210.0 64300
1770818020297 72102.0 64350
1770818022067 174650.0 64400
1770818023843 332239.0 64450
1770818025659 327942.0 64500
1770818027446 150264.0 64550
1770818029164 220901.0 64600
1770818030970 306246.0 64650
1770818032742 486848.0 64700
1770818034508 158450.0 64750
1770818106279 725073.0 64800
1770818108292 181097.0 64850
1770818110120 500481.0 64900
1770818111869 267377.0 64950
1770818113651 214879.0 65000
1770818115435 176213.0 65050
1770818117196 322705.0 65100
1770818118918 201826.0 65150
1770818120676 274797.0 65200
1770818122468 278197.0 65250
1770818124217 306793.0 65300
1770818126004 232222.0 65350
1770818127753 430949.0 65400
1770818129597 91117.0 65450
1770818131367 313106.0 65500
1770818133265 575867.0 65550
1770818206476 96606.0 65600
1770818208383 502049.0 65650
1770818210189 234007.0 65700
1770818211975 169362.0 65750
1770818213768 186281.0 65800
1770818215524 1177247.0 65850
1770818217249 154048.0 65900
1770818219005 240456.0 65950
1770818220815 277888.0 66000
1770818222578 114802.0 66050
1770818224322 192419.0 66100
1770818226108 277360.0 66150
1770818227894 200408.0 66200
1770818229729 81735.0 66250
1770818231522 493493.0 66300
1770818233260 198104.0 66350
1770818303135 430460.0 66400
1770818305078 226942.0 66450
1770818306878 218277.0 66500
1770818308720 268032.0 66550
1770818310497 164204.0 66600
1770818312289 424231.0 66650
1770818314000 142299.0 66700
1770818315765 277473.0 66750
1770818317497 278186.0 66800
1770818319293 192530.0 66850
1770818321037 246457.0 66900
1770818322705 379480.0 66950
1770818324484 648191.0 67000
1770818326228 570352.0 67050
1770818327972 526002.0 67100
1770818329714 80405.0 67150
1770818399509 436118.0 67200
1770818401565 112941.0 67250
1770818403364 243581.0 67300
1770818405275 324710.0 67350
1770818407101 246548.0 67400
1770818408845 265007.0 67450
1770818410611 335162.0 67500
1770818412360 280692.0 67550
1770818414103 288701.0 67600
1770818415895 160670.0 67650
1770818417669 290668.0 67700
1770818419473 148859.0 67750
1770818421195 234476.0 67800
1770818422945 373651.0 67850
1770818424703 178188.0 67900
1770818426482 304975.0 67950
1770818496368 194912.0 68000
1770818498401 200916.0 68050
1770818500129 158563.0 68100
1770818501906 210584.0 68150
1770818503692 222081.0 68200
1770818505460 184659.0 68250
1770818507292 733369.0 68300
1770818509071 330407.0 68350
1770818510887 293020.0 68400
1770818512768 133876.0 68450
1770818514583 294119.0 68500
1770818516298 187292.0 68550
1770818518095 221601.0 68600
1770818519904 196323.0 68650
1770818521668 403258.0 68700
1770818523375 100784.0 68750
1770818596403 170120.0 68800
1770818598361 367608.0 68850
1770818600130 310842.0 68900
1770818601834 262524.0 68950
1770818603668 125984.0 69000
1770818605514 242238.0 69050
1770818607261 195106.0 69100
1770818609090 148386.0 69150
1770818610832 305174.0 69200
1770818612602 190951.0 69250
1770818614375 213315.0 69300
1770818616178 402097.0 69350
1770818617925 289693.0 69400
1770818619692 256194.0 69450
1770818621398 248699.0 69500
1770818623179 776063.0 69550
1770818696262 93954.0 69600
1770818698338 321646.0 69650
1770818700123 187804.0 69700
1770818701980 302398.0 69750
1770818703781 427212.0 69800
1770818705491 217116.0 69850
1770818707242 138314.0 69900
1770818709105 258894.0 69950
1770818710876 163071.0 70000
1770818712624 421552.0 70050
1770818714486 221771.0 70100
1770818716287 345438.0 70150
1770818718050 374473.0 70200
1770818719835 319463.0 70250
1770818721596 198855.0 70300
1770818723357 590053.0 70350
1770818793243 133882.0 70400
1770818795299 254670.0 70450
1770818797038 316919.0 70500
1770818798789 304581.0 70550
1770818800564 276692.0 70600
1770818802345 269323.0 70650
1770818804099 116714.0 70700
1770818805947 254090.0 70750
1770818807756 141419.0 70800
1770818809481 273461.0 70850
1770818811307 195717.0 70900
1770818813096 698796.0 70950
1770818814854 243811.0 71000
1770818816630 471705.0 71050
1770818818442 105286.0 71100
1770818820231 60632.0 71150
1770818890033 268967.0 71200
1770818891939 417549.0 71250
1770818893786 218260.0 71300
1770818895529 262070.0 71350
1770818897359 370957.0 71400
1770818899104 275183.0 71450
1770818900925 298175.0 71500
1770818902727 145853.0 71550
1770818904444 318526.0 71600
1770818906241 50724.0 71650
1770818907997 273025.0 71700
1770818909771 381812.0 71750
1770818911518 530555.0 71800
1770818913288 376711.0 71850
1770818915086 195455.0 71900
1770818916892 172293.0 71950
1770818989973 102283.0 72000
1770818991913 77534.0 72050
1770818993711 328649.0 72100
1770818995526 163286.0 72150
1770818997354 200997.0 72200
1770818999113 202866.0 72250
1770819000898 219332.0 72300
1770819002675 277113.0 72350
1770819004449 263520.0 72400
1770819006250 199865.0 72450
1770819008055 181238.0 72500
1770819009883 343452.0 72550
1770819011651 180530.0 72600
1770819013495 196284.0 72650
1770819015255 37591.0 72700
1770819017074 200924.0 72750
1770819090045 227147.0 72800
1770819091997 217240.0 72850
1770819093777 243003.0 72900
1770819095548 172824.0 72950
1770819097372 386672.0 73000
1770819099174 321388.0 73050
1770819100957 242487.0 73100
1770819102721 126129.0 73150
1770819104640 18486.0 73200
1770819106451 311954.0 73250
1770819108244 221468.0 73300
1770819110082 210839.0 73350
1770819111866 422456.0 73400
1770819113711 186810.0 73450
1770819115484 324685.0 73500
1770819117292 481737.0 73550
1770819190317 438456.0 73600
1770819192275 162366.0 73650
1770819194005 358221.0 73700
1770819195742 183833.0 73750
1770819197608 251352.0 73800
1770819199456 249864.0 73850
1770819201191 342053.0 73900
1770819203024 304761.0 73950
1770819204838 213400.0 74000
1770819206607 190671.0 74050
1770819208404 199202.0 74100
1770819210147 102829.0 74150
1770819211886 170571.0 74200
1770819213764 188725.0 74250
1770819215620 124997.0 74300
1770819217417 215076.0 74350
1770819287212 388033.0 74400
1770819289252 603531.0 74450
1770819291045 416871.0 74500
1770819292860 173439.0 74550
1770819294706 260174.0 74600
1770819296522 133586.0 74650
1770819298284 162985.0 74700
1770819300042 206600.0 74750
1770819301917 256298.0 74800
1770819303693 134167.0 74850
1770819305496 174362.0 74900
1770819307327 77652.0 74950
1770819309139 264342.0 75000
1770819310925 206998.0 75050
1770819312797 202528.0 75100
1770819314613 242722.0 75150
1770819384477 140992.0 75200
1770819386266 290690.0 75250
1770819388089 128518.0 75300
1770819389910 134958.0 75350
1770819391706 204047.0 75400
1770819393465 519130.0 75450
1770819395202 323505.0 75500
1770819396982 272702.0 75550
1770819398778 423501.0 75600
1770819400554 201686.0 75650
1770819402286 478124.0 75700
1770819404089 517360.0 75750
1770819405874 654211.0 75800
1770819407698 656354.0 75850
1770819409475 179675.0 75900
1770819411234 159472.0 75950
1770819481057 281035.0 76000
1770819483013 249871.0 76050
1770819484791 248659.0 76100
1770819486531 131778.0 76150
1770819488339 469791.0 76200
1770819490088 364078.0 76250
1770819491849 215956.0 76300
1770819493695 293547.0 76350
1770819495473 314379.0 76400
1770819497245 252229.0 76450
1770819498987 610416.0 76500
1770819500822 79490.0 76550
1770819502608 68254.0 76600
1770819504397 245247.0 76650
1770819506216 394017.0 76700
1770819507983 357529.0 76750
1770819578559 331385.0 76800
1770819580539 341058.0 76850
1770819582401 314184.0 76900
1770819584296 416986.0 76950
1770819586143 384357.0 77000
1770819588039 253816.0 77050
1770819589853 245926.0 77100
1770819591645 262083.0 77150
1770819593470 194159.0 77200
1770819595200 253609.0 77250
1770819597014 176400.0 77300
1770819598779 156841.0 77350
1770819600606 213273.0 77400
1770819602384 834963.0 77450
1770819604233 302509.0 77500
1770819606050 237217.0 77550
1770819675879 168164.0 77600
1770819677886 204411.0 77650
1770819679728 131589.0 77700
1770819681550 126742.0 77750
1770819683308 303433.0 77800
1770819685055 201672.0 77850
1770819686857 137269.0 77900
1770819688619 210762.0 77950
1770819690424 368597.0 78000
1770819692236 332930.0 78050
1770819694065 356597.0 78100
1770819695845 442239.0 78150
1770819697640 254600.0 78200
1770819699418 241256.0 78250
1770819701166 322359.0 78300
1770819702949 558847.0 78350
1770819772822 186528.0 78400
1770819774853 132869.0 78450
1770819776693 125809.0 78500
1770819778457 224194.0 78550
1770819780303 405915.0 78600
1770819782103 173038.0 78650
1770819783881 275422.0 78700
1770819785775 176511.0 78750
1770819787565 312754.0 78800
1770819789357 265897.0 78850
1770819791143 318568.0 78900
1770819792942 236424.0 78950
1770819794780 298118.0 79000
1770819796664 198927.0 79050
1770819798473 165147.0 79100
1770819800286 354392.0 79150
1770819870148 545782.0 79200
1770819872104 186212.0 79250
1770819873904 394433.0 79300
1770819875712 219456.0 79350
1770819877524 167040.0 79400
1770819879253 456761.0 79450
1770819881066 400788.0 79500
1770819882929 165754.0 79550
1770819884770 96934.0 79600
1770819886515 261558.0 79650
1770819888396 226678.0 79700
1770819890144 688728.0 79750
1770819891900 115426.0 79800
1770819893694 61930.0 79850
1770819895444 312070.0 79900
1770819897207 415586.0 79950
1770819967007 214638.0 80000
1770819968947 113667.0 80050
1770819970765 502052.0 80100
1770819972568 197467.0 80150
1770819974360 297513.0 80200
1770819976230 174385.0 80250
1770819977993 255244.0 80300
1770819979859 265560.0 80350
1770819981650 205705.0 80400
1770819983429 216203.0 80450
1770819985361 232672.0 80500
1770819987176 109063.0 80550
1770819988978 218399.0 80600
1770819990815 281683.0 80650
1770819992627 240717.0 80700
1770819994515 224219.0 80750
1770820065066 139354.0 80800
1770820067037 405342.0 80850
1770820068847 186622.0 80900
1770820070717 173472.0 80950
1770820072484 253491.0 81000
1770820074279 104622.0 81050
1770820076071 181776.0 81100
1770820078044 309252.0 81150
1770820079812 255081.0 81200
1770820081580 271657.0 81250
1770820083365 128258.0 81300
1770820085183 120125.0 81350
1770820087012 304525.0 81400
1770820088807 80579.0 81450
1770820090539 467271.0 81500
1770820092361 252991.0 81550
1770820162204 207900.0 81600
1770820164197 284083.0 81650
1770820166003 273911.0 81700
1770820167797 109814.0 81750
1770820169619 198915.0 81800
1770820171446 418926.0 81850
1770820173233 154220.0 81900
1770820174990 165481.0 81950
1770820176814 236187.0 82000
1770820178636 239808.0 82050
1770820180430 255350.0 82100
1770820182220 302551.0 82150
1770820184045 200991.0 82200
1770820185892 65623.0 82250
1770820187697 165479.0 82300
1770820189530 201712.0 82350
1770820259433 640406.0 82400
1770820261351 231295.0 82450
1770820263210 409153.0 82500
1770820265032 547444.0 82550
1770820266793 154747.0 82600
1770820268579 353160.0 82650
1770820270363 126020.0 82700
1770820272174 159004.0 82750
1770820273994 131621.0 82800
1770820275823 224593.0 82850
1770820277633 166001.0 82900
1770820279415 295300.0 82950
1770820281233 157217.0 83000
1770820283237 124324.0 83050
1770820285108 308143.0 83100
1770820286954 1102623.0 83150
1770820357650 395694.0 83200
1770820359691 194255.0 83250
1770820361482 425923.0 83300
1770820363242 678936.0 83350
1770820365059 80475.0 83400
1770820366889 300326.0 83450
1770820368765 264772.0 83500
1770820370606 183954.0 83550
1770820372397 299799.0 83600
1770820374217 721458.0 83650
1770820376076 204903.0 83700
1770820377878 140165.0 83750
1770820379666 392185.0 83800
1770820381483 350568.0 83850
1770820383304 376378.0 83900
1770820385165 245660.0 83950
1770820454969 182222.0 84000
1770820457059 206284.0 84050
1770820458811 323029.0 84100
1770820460642 357657.0 84150
1770820462431 192188.0 84200
1770820464200 198862.0 84250
1770820465982 306290.0 84300
1770820467795 463325.0 84350
1770820469582 130058.0 84400
1770820471414 148277.0 84450
1770820473254 204192.0 84500
1770820475053 206874.0 84550
1770820476862 138960.0 84600
1770820478644 223014.0 84650
1770820480446 165819.0 84700
1770820482318 184463.0 84750
1770820550682 135636.0 84800
1770820552725 1116710.0 84850
1770820554566 364576.0 84900
1770820556404 151474.0 84950
1770820558394 253676.0 85000
1770820560230 150935.0 85050
1770820562012 98075.0 85100
1770820563735 154136.0 85150
1770820565629 245268.0 85200
1770820567463 77710.0 85250
1770820569286 696567.0 85300
1770820571086 511865.0 85350
1770820572934 258200.0 85400
1770820574722 326173.0 85450
1770820576537 115702.0 85500
1770820578358 341185.0 85550
1770820651349 249019.0 85600
1770820653361 256200.0 85650
1770820655114 256033.0 85700
1770820656956 272554.0 85750
1770820658893 310168.0 85800
1770820660721 1052978.0 85850
1770820662485 450508.0 85900
1770820664255 193900.0 85950
1770820666054 212521.0 86000
1770820667825 316528.0 86050
1770820669662 303476.0 86100
1770820671406 248948.0 86150
1770820673149 191906.0 86200
1770820674951 210611.0 86250
1770820676760 216138.0 86300
1770820678566 107955.0 86350
1770820751681 198654.0 86400
1770820753776 198046.0 86450
1770820755598 62606.0 86500
1770820757456 290303.0 86550
1770820759248 247079.0 86600
1770820761010 310097.0 86650
1770820762791 83337.0 86700
1770820764631 333581.0 86750
1770820766514 196361.0 86800
1770820768283 226130.0 86850
1770820770134 323559.0 86900
1770820771971 320985.0 86950
1770820773809 283808.0 87000
1770820775660 137891.0 87050
1770820777487 291776.0 87100
1770820779324 131987.0 87150
1770820849279 300006.0 87200
1770820851352 218487.0 87250
1770820853201 254786.0 87300
1770820855006 158125.0 87350
1770820856857 210433.0 87400
1770820858619 199819.0 87450
1770820860433 270609.0 87500
1770820862331 246796.0 87550
1770820864176 546989.0 87600
1770820866042 215335.0 87650
1770820867865 1399782.0 87700
1770820869656 256493.0 87750
1770820871571 179028.0 87800
1770820873340 144385.0 87850
1770820875123 247066.0 87900
1770820876947 153763.0 87950
1770820950060 152567.0 88000
1770820952093 250646.0 88050
1770820953982 278333.0 88100
1770820955822 160237.0 88150
1770820957604 140211.0 88200
1770820959385 280668.0 88250
1770820961170 372235.0 88300
1770820962952 277207.0 88350
1770820964739 524899.0 88400
1770820966560 225539.0 88450
1770820968350 165879.0 88500
1770820970139 380179.0 88550
1770820971969 271142.0 88600
1770820973777 206177.0 88650
1770820975643 200372.0 88700
1770820977503 141544.0 88750
1770821045701 260081.0 88800
1770821047688 152049.0 88850
1770821049571 227617.0 88900
1770821051401 237468.0 88950
1770821053228 222494.0 89000
1770821055011 239601.0 89050
1770821056808 151491.0 89100
1770821058734 336761.0 89150
1770821060510 169063.0 89200
1770821062329 187456.0 89250
1770821064123 280918.0 89300
1770821066098 155624.0 89350
1770821068009 162012.0 89400
1770821069874 207337.0 89450
1770821071712 203413.0 89500
1770821073504 215115.0 89550
1770821142695 237865.0 89600
1770821144700 308230.0 89650
1770821146615 45626.0 89700
1770821148517 561160.0 89750
1770821150302 152530.0 89800
1770821152179 408259.0 89850
1770821153960 166776.0 89900
1770821155835 387601.0 89950
1770821157640 356826.0 90000
1770821159457 152259.0 90050
1770821161316 400148.0 90100
1770821163122 373683.0 90150
1770821164916 149134.0 90200
1770821166785 231813.0 90250
1770821168680 242088.0 90300
1770821170511 325771.0 90350
1770821240431 262403.0 90400
1770821242469 260818.0 90450
1770821244310 318106.0 90500
1770821246126 164668.0 90550
1770821247909 313077.0 90600
1770821249690 334901.0 90650
1770821251466 290349.0 90700
1770821253295 476307.0 90750
1770821255108 124124.0 90800
1770821256907 254797.0 90850
1770821258832 326696.0 90900
1770821260605 314217.0 90950
1770821262455 277733.0 91000
1770821264330 619443.0 91050
1770821266138 258202.0 91100
1770821267989 123894.0 91150
1770821337842 294462.0 91200
1770821339944 270237.0 91250
1770821341848 197762.0 91300
1770821343640 252206.0 91350
1770821345457 117290.0 91400
1770821347349 278735.0 91450
1770821349152 569894.0 91500
1770821351076 232080.0 91550
1770821352906 176940.0 91600
1770821354769 209609.0 91650
1770821356544 260881.0 91700
1770821358355 260533.0 91750
1770821360221 326076.0 91800
1770821362064 270310.0 91850
1770821363869 172681.0 91900
1770821365702 246379.0 91950
1770821436404 276675.0 92000
1770821438367 298918.0 92050
1770821440182 269445.0 92100
1770821441927 170248.0 92150
1770821443766 260966.0 92200
1770821445573 251656.0 92250
1770821447372 132532.0 92300
1770821449160 171954.0 92350
1770821451021 283795.0 92400
1770821452925 279748.0 92450
1770821454731 162099.0 92500
1770821456575 364888.0 92550
1770821458393 140345.0 92600
1770821460205 178092.0 92650
1770821462008 208864.0 92700
1770821463859 73195.0 92750
1770821537058 262877.0 92800
1770821539141 291188.0 92850
1770821540983 178100.0 92900
1770821542765 236434.0 92950
1770821544584 268951.0 93000
1770821546462 545729.0 93050
1770821548284 279352.0 93100
1770821550098 465808.0 93150
1770821551984 161049.0 93200
1770821553977 109770.0 93250
1770821555779 122452.0 93300
1770821557533 402670.0 93350
1770821559388 385938.0 93400
1770821561214 131241.0 93450
1770821563076 242182.0 93500
1770821565010 293180.0 93550
1770821638008 328272.0 93600
1770821640011 176332.0 93650
1770821641937 307942.0 93700
1770821643817 306707.0 93750
1770821645616 1223145.0 93800
1770821647489 372845.0 93850
1770821649305 76228.0 93900
1770821651131 469048.0 93950
1770821652962 153869.0 94000
1770821654734 299599.0 94050
1770821656595 205267.0 94100
1770821658437 197805.0 94150
1770821660313 237310.0 94200
1770821662187 255554.0 94250
1770821664008 194858.0 94300
1770821665899 360984.0 94350
1770821735704 361659.0 94400
1770821737588 200954.0 94450
1770821739409 428474.0 94500
1770821741226 557763.0 94550
1770821743084 205774.0 94600
1770821744896 285234.0 94650
1770821746741 119340.0 94700
1770821748616 492062.0 94750
1770821750457 261995.0 94800
1770821752283 245717.0 94850
1770821754104 213214.0 94900
1770821755865 267349.0 94950
1770821757697 94454.0 95000
1770821759579 199472.0 95050
1770821761395 152780.0 95100
1770821763176 94760.0 95150
1770821833042 299130.0 95200
1770821835038 273909.0 95250
1770821836929 333094.0 95300
1770821838729 147636.0 95350
1770821840577 193095.0 95400
1770821842384 358026.0 95450
1770821844172 374812.0 95500
1770821846007 174988.0 95550
1770821847806 170680.0 95600
1770821849647 307601.0 95650
1770821851433 375253.0 95700
1770821853220 262076.0 95750
1770821854973 310932.0 95800
1770821856800 272508.0 95850
1770821858671 225720.0 95900
1770821860506 119614.0 95950
1770821933520 136462.0 96000
1770821935521 401709.0 96050
1770821937340 210167.0 96100
1770821939231 256236.0 96150
1770821941073 204225.0 96200
1770821942935 135163.0 96250
1770821944735 233031.0 96300
1770821946632 438777.0 96350
1770821948429 194921.0 96400
1770821950277 211346.0 96450
1770821952140 280571.0 96500
1770821953989 231112.0 96550
1770821955866 202137.0 96600
1770821957687 165434.0 96650
1770821959492 131891.0 96700
1770821961381 215957.0 96750
1770822032015 77419.0 96800
1770822034084 346521.0 96850
1770822035985 235840.0 96900
1770822037859 241004.0 96950
1770822039693 752650.0 97000
1770822041531 182869.0 97050
1770822043389 130266.0 97100
1770822045263 278300.0 97150
1770822047083 238444.0 97200
1770822048920 126325.0 97250
1770822050746 153434.0 97300
1770822052542 167540.0 97350
1770822054360 89194.0 97400
1770822056187 286715.0 97450
1770822058135 107157.0 97500
1770822060005 269934.0 97550
1770822129802 620947.0 97600
1770822131909 240410.0 97650
1770822133784 171615.0 97700
1770822135554 257997.0 97750
1770822137381 311717.0 97800
1770822139166 184673.0 97850
1770822141009 307811.0 97900
1770822142890 253713.0 97950
1770822144848 258537.0 98000
1770822146824 312055.0 98050
1770822148729 235119.0 98100
1770822150601 316854.0 98150
1770822152486 402015.0 98200
1770822154379 235005.0 98250
1770822156181 311049.0 98300
1770822158025 272028.0 98350
1770822227843 252280.0 98400
1770822229944 104953.0 98450
1770822231770 445608.0 98500
1770822233642 280521.0 98550
1770822235495 215405.0 98600
1770822237345 361369.0 98650
1770822239166 207752.0 98700
1770822241051 172348.0 98750
1770822242925 337614.0 98800
1770822244782 188334.0 98850
1770822246636 168909.0 98900
1770822248448 633893.0 98950
1770822250242 104974.0 99000
1770822252237 301948.0 99050
1770822254081 209666.0 99100
1770822255881 146407.0 99150
1770822324217 291389.0 99200
1770822326231 289110.0 99250
1770822328097 132298.0 99300
1770822329944 131614.0 99350
1770822331818 205353.0 99400
1770822333625 472338.0 99450
1770822335404 272839.0 99500
1770822337261 155915.0 99550
1770822339083 168901.0 99600
1770822340924 172529.0 99650
1770822342711 366917.0 99700
1770822344618 199525.0 99750
1770822346402 258758.0 99800
1770822348284 150063.0 99850
1770822350150 446362.0 99900
1770822351989 223351.0 99950
1770810336183 241519.0 0
