1770810336183 129198.75 0
1770810338823 285101.8125 50
1770810341400 240971.65625 100
1770810343961 317841.125 150
1770810346319 116868.25 200
1770810348518 120173.515625 250
1770810350677 247225.546875 300
1770810352611 213595.796875 350
1770810354604 253526.6875 400
1770810356426 235001.0625 450
1770810358303 149262.6875 500
1770810360078 117184.6875 550
1770810361951 183950.96875 600
1770810363856 310569.46875 650
1770810365559 506768.75 700
1770810367262 104024.96875 750
1770810448856 283269.8125 800
1770810450739 300302.625 850
1770810452453 249377.796875 900
1770810454158 176321.875 950
1770810455867 398190.9375 1000
1770810457610 367208.125 1050
1770810459257 237156.140625 1100
1770810460972 164978.9375 1150
1770810462615 214263.21875 1200
1770810464285 398538.9375 1250
1770810466020 291774.625 1300
1770810467634 133452.46875 1350
1770810469239 232804.8125 1400
1770810470871 302628.40625 1450
1770810472496 491455.875 1500
1770810474143 281163.40625 1550
1770810542806 226417.90625 1600
1770810544607 388041.875 1650
1770810546341 189269.46875 1700
1770810548183 348082.34375 1750
1770810549851 59447.171875 1800
1770810551547 314204.4375 1850
1770810553155 144001.09375 1900
1770810554826 236695.359375 1950
1770810556502 297992.96875 2000
1770810558179 393930.1875 2050
1770810559927 233331.5625 2100
1770810561677 464567.5 2150
1770810563363 173094.96875 2200
1770810565040 395578.75 2250
1770810566690 144314.9375 2300
1770810568307 467275.9375 2350
1770810637567 349266.84375 2400
1770810639388 243489.375 2450
1770810641001 364907.6875 2500
1770810642608 478260.125 2550
1770810644240 453570.71875 2600
1770810645888 94138.75 2650
1770810647534 170640.265625 2700
1770810649186 152364.546875 2750
1770810650854 27443.390625 2800
1770810652427 176978.125 2850
1770810654003 102511.40625 2900
1770810655703 598775.8125 2950
1770810657344 222393.4375 3000
1770810658985 172418.078125 3050
1770810660638 166195.46875 3100
1770810662351 277457.21875 3150
1770810732074 122483.1171875 3200
1770810733954 362045.4375 3250
1770810735660 526189.4375 3300
1770810737241 240821.9375 3350
1770810738949 355413.09375 3400
1770810740580 301288.6875 3450
1770810742199 173538.96875 3500
1770810743844 220770.984375 3550
1770810745482 272625.4375 3600
1770810747097 184856.203125 3650
1770810748708 74097.6328125 3700
1770810750376 172920.0 3750
1770810751979 179951.546875 3800
1770810753603 251575.4375 3850
1770810755262 232977.828125 3900
1770810756968 162381.625 3950
1770810824981 164592.796875 4000
1770810826854 107329.703125 4050
1770810828460 268125.625 4100
1770810830082 367867.1875 4150
1770810831689 66659.4453125 4200
1770810833387 254057.78125 4250
1770810835017 85637.609375 4300
1770810836665 261809.453125 4350
1770810838361 1109730.0 4400
1770810839956 148314.09375 4450
1770810841540 253576.359375 4500
1770810843243 112922.84375 4550
1770810844889 202561.0 4600
1770810846504 192798.03125 4650
1770810848224 239274.859375 4700
1770810849867 369406.9375 4750
1770810919827 85403.765625 4800
1770810921812 250092.65625 4850
1770810923435 256776.46875 4900
1770810925144 189020.546875 4950
1770810926826 165686.859375 5000
1770810928571 401805.5 5050
1770810930339 327608.625 5100
1770810932145 162801.5625 5150
1770810933909 67906.765625 5200
1770810935741 263576.625 5250
1770810937504 564400.375 5300
1770810939251 305483.59375 5350
1770810941064 577119.0 5400
1770810942864 188052.484375 5450
1770810944679 136564.59375 5500
1770810946361 139071.96875 5550
1770811016122 260211.734375 5600
1770811018014 220002.375 5650
1770811019669 111296.125 5700
1770811021354 208155.203125 5750
1770811023041 91081.7109375 5800
1770811024650 388535.53125 5850
1770811026264 204136.65625 5900
1770811027879 70502.421875 5950
1770811029545 222020.421875 6000
1770811031259 261945.375 6050
1770811032916 226167.9375 6100
1770811034567 99649.484375 6150
1770811036259 356154.59375 6200
1770811037967 359775.34375 6250
1770811039567 220190.625 6300
1770811041225 292539.90625 6350
1770811109199 258794.140625 6400
1770811111109 365269.625 6450
1770811112787 367788.25 6500
1770811114386 161123.8125 6550
1770811116099 294793.875 6600
1770811117705 258618.25 6650
1770811119367 296493.0625 6700
1770811121089 202752.25 6750
1770811122747 148108.84375 6800
1770811124407 259525.84375 6850
1770811126000 138005.96875 6900
1770811127688 320085.65625 6950
1770811129325 401056.125 7000
1770811131014 112334.5 7050
1770811132718 173989.15625 7100
1770811134425 68725.953125 7150
1770811203899 221710.125 7200
1770811205766 157839.96875 7250
1770811207408 174791.171875 7300
1770811209034 257075.640625 7350
1770811210696 302633.875 7400
1770811212397 343667.09375 7450
1770811214140 75314.8671875 7500
1770811215832 276497.78125 7550
1770811217575 145491.421875 7600
1770811219239 187270.3125 7650
1770811220870 272120.15625 7700
1770811222523 172444.609375 7750
1770811224208 381687.8125 7800
1770811225845 301009.03125 7850
1770811227506 312761.8125 7900
1770811229171 315819.0625 7950
1770811299576 78899.9453125 8000
1770811301396 172243.4375 8050
1770811302994 350079.34375 8100
1770811304643 214489.390625 8150
1770811306322 264344.03125 8200
1770811308021 329810.375 8250
1770811309647 230754.015625 8300
1770811311303 278135.125 8350
1770811313010 232499.84375 8400
1770811314698 116059.015625 8450
1770811316302 303377.125 8500
1770811317938 300375.03125 8550
1770811319562 275573.875 8600
1770811321218 153090.8125 8650
1770811322920 136022.0 8700
1770811324517 234636.6875 8750
1770811392828 278200.6875 8800
1770811394853 167185.765625 8850
1770811396586 241066.09375 8900
1770811398330 130761.765625 8950
1770811400107 294738.5 9000
1770811401855 324135.71875 9050
1770811403608 264221.65625 9100
1770811405368 196199.03125 9150
1770811407004 182786.265625 9200
1770811408704 247859.8125 9250
1770811410366 331692.5 9300
1770811412122 377448.5625 9350
1770811413863 325383.03125 9400
1770811415664 203351.84375 9450
1770811417383 59649.078125 9500
1770811419174 207881.640625 9550
1770811487832 148967.609375 9600
1770811489753 74262.7890625 9650
1770811491426 91521.7578125 9700
1770811493112 235575.28125 9750
1770811494786 496484.75 9800
1770811496472 378232.59375 9850
1770811498180 631306.0 9900
1770811499773 372420.84375 9950
1770811501466 374659.0625 10000
1770811503107 183669.5625 10050
1770811504823 152732.84375 10100
1770811506518 172460.515625 10150
1770811508177 497877.75 10200
1770811509864 320512.5 10250
1770811511582 163273.96875 10300
1770811513280 116051.640625 10350
1770811583697 187089.1875 10400
1770811585608 281434.96875 10450
1770811587279 170713.5 10500
1770811588927 244303.34375 10550
1770811590581 342051.40625 10600
1770811592241 209285.609375 10650
1770811593910 226323.21875 10700
1770811595543 90984.265625 10750
1770811597154 415456.03125 10800
1770811598823 467646.9375 10850
1770811600504 317104.5625 10900
1770811602168 226054.703125 10950
1770811603865 154475.65625 11000
1770811605561 194344.734375 11050
1770811607242 341041.78125 11100
1770811608922 119170.25 11150
1770811676712 216193.3125 11200
1770811678511 124971.8984375 11250
1770811680194 227642.34375 11300
1770811681874 159078.078125 11350
1770811683559 253489.28125 11400
1770811685201 346923.5625 11450
1770811686854 312538.8125 11500
1770811688492 206813.875 11550
1770811690158 122941.78125 11600
1770811691855 92792.03125 11650
1770811693483 291430.53125 11700
1770811695159 298184.0625 11750
1770811696819 289615.8125 11800
1770811698406 644193.5625 11850
1770811700086 383755.9375 11900
1770811701781 300551.0625 11950
1770811771268 382951.5 12000
1770811773178 333193.6875 12050
1770811774894 277521.9375 12100
1770811776542 266645.84375 12150
1770811778223 417195.3125 12200
1770811779927 241119.5625 12250
1770811781576 126474.828125 12300
1770811783223 209363.5625 12350
1770811784900 481186.3125 12400
1770811786582 241643.65625 12450
1770811788305 103695.96875 12500
1770811790017 248461.6875 12550
1770811791658 291958.8125 12600
1770811793351 93669.640625 12650
1770811794981 336104.625 12700
1770811796649 154618.390625 12750
1770811866193 253673.5625 12800
1770811867992 134824.203125 12850
1770811869633 134257.921875 12900
1770811871313 371910.65625 12950
1770811873002 551044.3125 13000
1770811874641 217327.75 13050
1770811876359 333021.90625 13100
1770811878038 262384.125 13150
1770811879712 230271.78125 13200
1770811881360 188563.5625 13250
1770811883025 409025.5 13300
1770811884739 194041.171875 13350
1770811886377 236434.796875 13400
1770811888090 160389.203125 13450
1770811889798 98899.765625 13500
1770811891429 341804.6875 13550
1770811960997 228226.90625 13600
1770811962808 300655.8125 13650
1770811964534 127784.03125 13700
1770811966223 183749.296875 13750
1770811967877 290141.40625 13800
1770811969505 161633.734375 13850
1770811971114 368828.6875 13900
1770811972777 148387.59375 13950
1770811974493 126541.6953125 14000
1770811976232 534641.375 14050
1770811977899 233472.671875 14100
1770811979582 192098.859375 14150
1770811981234 162709.90625 14200
1770811982882 179440.265625 14250
1770811984520 273844.375 14300
1770811986155 266903.9375 14350
1770812055667 418814.125 14400
1770812057550 303143.9375 14450
1770812059273 150701.8125 14500
1770812060919 173996.21875 14550
1770812062637 139944.9375 14600
1770812064274 354139.125 14650
1770812065982 566835.0625 14700
1770812067729 264868.25 14750
1770812069397 384825.8125 14800
1770812071048 133791.109375 14850
1770812072787 173265.5 14900
1770812074408 501567.8125 14950
1770812076095 213917.046875 15000
1770812077764 45210.44140625 15050
1770812079475 358728.25 15100
1770812081098 204823.75 15150
1770812150708 190921.625 15200
1770812152566 247826.34375 15250
1770812154331 105903.265625 15300
1770812156009 261812.8125 15350
1770812157774 210398.90625 15400
1770812159538 282845.15625 15450
1770812161177 272986.96875 15500
1770812162906 334280.96875 15550
1770812164600 138970.140625 15600
1770812166321 179313.75 15650
1770812168084 109218.8125 15700
1770812169730 141849.65625 15750
1770812171399 455316.84375 15800
1770812173157 497716.125 15850
1770812174832 306604.8125 15900
1770812176573 254929.4375 15950
1770812246845 474774.9375 16000
1770812248710 547646.375 16050
1770812250331 313573.1875 16100
1770812252031 176556.796875 16150
1770812253761 301927.5625 16200
1770812255403 195749.90625 16250
1770812257065 184566.90625 16300
1770812258830 260298.3125 16350
1770812260447 255725.453125 16400
1770812262176 397997.625 16450
1770812263871 196156.890625 16500
1770812265516 340760.4375 16550
1770812267193 87304.3125 16600
1770812268858 100244.359375 16650
1770812270519 289188.3125 16700
1770812272207 357464.46875 16750
1770812345062 154051.046875 16800
1770812346953 216948.609375 16850
1770812348652 459261.78125 16900
1770812350299 368377.34375 16950
1770812352017 350852.0 17000
1770812353707 71006.84375 17050
1770812355418 378805.9375 17100
1770812357141 311757.25 17150
1770812358854 315135.90625 17200
1770812360497 254650.015625 17250
1770812362209 286535.125 17300
1770812363886 120838.28125 17350
1770812365537 118915.671875 17400
1770812367199 359574.25 17450
1770812368855 374989.59375 17500
1770812370491 82610.6171875 17550
1770812439878 461872.65625 17600
1770812441805 48141.8125 17650
1770812443458 357263.125 17700
1770812445145 231366.0625 17750
1770812446886 171218.265625 17800
1770812448562 95363.90625 17850
1770812450176 227263.84375 17900
1770812451946 241082.03125 17950
1770812453714 336914.5625 18000
1770812455380 485634.125 18050
1770812457081 310827.625 18100
1770812458804 233993.90625 18150
1770812460511 130161.3671875 18200
1770812462172 272507.1875 18250
1770812463800 371948.53125 18300
1770812465457 321119.5 18350
1770812534912 160373.1875 18400
1770812536730 316138.40625 18450
1770812538429 175936.859375 18500
1770812540177 105929.734375 18550
1770812541869 153620.578125 18600
1770812543533 233097.5 18650
1770812545242 30880.7109375 18700
1770812546994 166595.453125 18750
1770812548650 165600.078125 18800
1770812550286 303277.03125 18850
1770812551994 195916.90625 18900
1770812553681 218237.125 18950
1770812555347 121273.015625 19000
1770812557102 232984.515625 19050
1770812558822 219197.9375 19100
1770812560514 312565.875 19150
1770812630122 495154.65625 19200
1770812631931 215843.5 19250
1770812633605 278457.8125 19300
1770812635305 232916.59375 19350
1770812636935 252052.8125 19400
1770812638659 388517.34375 19450
1770812640336 458598.78125 19500
1770812642038 281861.78125 19550
1770812643729 135716.375 19600
1770812645394 99212.8828125 19650
1770812647099 238782.265625 19700
1770812648785 183625.96875 19750
1770812650494 310710.6875 19800
1770812652224 171248.28125 19850
1770812653949 197717.28125 19900
1770812655600 213484.265625 19950
1770812728472 265469.59375 20000
1770812730258 626379.6875 20050
1770812731918 204086.5625 20100
1770812733620 220733.578125 20150
1770812735359 733691.875 20200
1770812737010 345936.03125 20250
1770812738670 200259.25 20300
1770812740398 187896.28125 20350
1770812742098 171768.125 20400
1770812743735 314666.28125 20450
1770812745402 471447.96875 20500
1770812747135 176709.828125 20550
1770812748854 168926.609375 20600
1770812750556 262176.5 20650
1770812752266 174490.78125 20700
1770812753974 126160.859375 20750
1770812821828 262487.90625 20800
1770812823738 144749.609375 20850
1770812825401 200149.25 20900
1770812827054 163699.15625 20950
1770812828708 169395.90625 21000
1770812830410 440931.40625 21050
1770812832082 405536.75 21100
1770812833716 290037.90625 21150
1770812835411 255893.46875 21200
1770812837084 431987.8125 21250
1770812838738 620847.25 21300
1770812840400 244367.734375 21350
1770812842031 214749.875 21400
1770812843673 583999.4375 21450
1770812845354 210686.625 21500
1770812847032 258441.515625 21550
1770812914995 255879.765625 21600
1770812916886 178343.578125 21650
1770812918665 571237.125 21700
1770812920312 345775.96875 21750
1770812921972 441460.40625 21800
1770812923647 229523.1875 21850
1770812925376 224777.578125 21900
1770812927149 293370.84375 21950
1770812928865 190406.953125 22000
1770812930489 329389.3125 22050
1770812932185 222710.4375 22100
1770812933876 184187.90625 22150
1770812935498 295866.3125 22200
1770812937212 172040.5 22250
1770812938898 159288.09375 22300
1770812940592 379197.9375 22350
1770813011011 372825.375 22400
1770813012906 200380.0625 22450
1770813014586 181647.71875 22500
1770813016276 215931.84375 22550
1770813018019 272792.84375 22600
1770813019713 273218.09375 22650
1770813021400 114609.1015625 22700
1770813023113 262764.6875 22750
1770813024767 498835.3125 22800
1770813026424 399607.6875 22850
1770813028101 237650.828125 22900
1770813029814 92215.03125 22950
1770813031518 250437.15625 23000
1770813033215 194044.09375 23050
1770813034881 151354.265625 23100
1770813036537 170548.09375 23150
1770813106936 285503.34375 23200
1770813108806 199722.703125 23250
1770813110485 239757.53125 23300
1770813112101 242915.0625 23350
1770813113853 355142.46875 23400
1770813115546 182881.9375 23450
1770813117263 234853.375 23500
1770813118943 245237.28125 23550
1770813120628 373228.125 23600
1770813122317 262926.625 23650
1770813124002 68234.03125 23700
1770813125760 195198.421875 23750
1770813127422 206073.96875 23800
1770813129102 402708.3125 23850
1770813130797 194304.53125 23900
1770813132566 413741.1875 23950
1770813202959 130770.921875 24000
1770813204942 274723.0 24050
1770813206635 178599.5625 24100
1770813208329 235322.046875 24150
1770813210038 166582.15625 24200
1770813211698 444331.125 24250
1770813213436 205937.359375 24300
1770813215107 355995.5625 24350
1770813216824 115997.0859375 24400
1770813218519 334513.0625 24450
1770813220219 240724.53125 24500
1770813221870 281937.0 24550
1770813223582 280006.0625 24600
1770813225342 312938.90625 24650
1770813227066 252235.5 24700
1770813228800 149154.71875 24750
1770813298448 194281.890625 24800
1770813300333 129265.75 24850
1770813302044 171771.890625 24900
1770813303731 726674.125 24950
1770813305386 128178.7578125 25000
1770813307077 286106.09375 25050
1770813308845 235491.375 25100
1770813310525 270571.125 25150
1770813312241 164543.0625 25200
1770813313919 236071.25 25250
1770813315598 108972.765625 25300
1770813317331 673904.5 25350
1770813318998 286426.40625 25400
1770813320703 80174.4375 25450
1770813322378 182886.234375 25500
1770813324070 236299.46875 25550
1770813392003 65292.13671875 25600
1770813393864 216651.28125 25650
1770813395534 217100.515625 25700
1770813397261 245520.109375 25750
1770813398980 400244.59375 25800
1770813400707 171882.59375 25850
1770813402308 194441.9375 25900
1770813404055 643904.875 25950
1770813405773 298347.5 26000
1770813407436 113389.375 26050
1770813409115 326135.40625 26100
1770813410935 301006.15625 26150
1770813412623 205016.640625 26200
1770813414294 188805.71875 26250
1770813415983 529485.25 26300
1770813417675 154517.296875 26350
1770813487340 538965.0 26400
1770813489231 249085.1875 26450
1770813490893 446088.375 26500
1770813492584 155826.953125 26550
1770813494269 177741.34375 26600
1770813495920 320565.46875 26650
1770813497689 307877.375 26700
1770813499398 242847.875 26750
1770813501089 89062.0625 26800
1770813502796 229290.921875 26850
1770813504511 251816.4375 26900
1770813506230 164614.765625 26950
1770813507917 569993.5625 27000
1770813509678 392356.90625 27050
1770813511374 161268.28125 27100
1770813513016 265840.65625 27150
1770813582641 388457.59375 27200
1770813584532 188156.046875 27250
1770813586281 261558.5 27300
1770813587996 123069.890625 27350
1770813589743 179686.03125 27400
1770813591468 177013.1875 27450
1770813593249 180467.46875 27500
1770813594935 331194.625 27550
1770813596688 417317.25 27600
1770813598350 98311.828125 27650
1770813600096 199792.375 27700
1770813601852 208549.609375 27750
1770813603533 165389.125 27800
1770813605186 167047.921875 27850
1770813606900 201435.96875 27900
1770813608645 230975.609375 27950
1770813678257 121463.546875 28000
1770813680155 496028.5625 28050
1770813681809 273219.125 28100
1770813683524 377715.53125 28150
1770813685195 137180.3125 28200
1770813686885 281787.09375 28250
1770813688584 276680.3125 28300
1770813690245 183690.65625 28350
1770813691902 336639.28125 28400
1770813693556 101777.71875 28450
1770813695280 333591.375 28500
1770813696950 217277.921875 28550
1770813698651 109478.5390625 28600
1770813700365 293738.8125 28650
1770813702079 63636.2265625 28700
1770813703744 248209.34375 28750
1770813773261 120870.7890625 28800
1770813775218 162558.96875 28850
1770813776900 309488.1875 28900
1770813778578 171053.671875 28950
1770813780315 324639.59375 29000
1770813782020 307559.5 29050
1770813783715 297218.03125 29100
1770813785425 349536.625 29150
1770813787120 127974.21875 29200
1770813788801 304779.625 29250
1770813790467 1657462.5 29300
1770813792180 242301.5625 29350
1770813793908 282163.9375 29400
1770813795605 450212.9375 29450
1770813797274 366364.625 29500
1770813798988 246356.84375 29550
1770813866968 253853.640625 29600
1770813868869 495790.5 29650
1770813870532 280838.625 29700
1770813872211 217544.203125 29750
1770813873965 125312.1015625 29800
1770813875594 331582.375 29850
1770813877275 559141.75 29900
1770813879012 194694.0625 29950
1770813880799 261799.03125 30000
1770813882448 303886.125 30050
1770813884220 279679.65625 30100
1770813885883 170285.09375 30150
1770813887546 68407.9375 30200
1770813889244 156858.5 30250
1770813890952 415864.875 30300
1770813892685 79648.53125 30350
1770813960784 298267.25 30400
1770813962766 446259.0 30450
1770813964465 326544.96875 30500
1770813966194 157330.328125 30550
1770813967899 211192.984375 30600
1770813969579 313684.25 30650
1770813971274 273206.625 30700
1770813972967 189616.03125 30750
1770813974737 222125.96875 30800
1770813976446 302021.75 30850
1770813978167 299653.875 30900
1770813979830 357374.0 30950
1770813981522 804932.375 31000
1770813983263 275977.84375 31050
1770813984943 353657.625 31100
1770813986601 56100.75 31150
1770814056315 168299.40625 31200
1770814058212 335809.875 31250
1770814059929 527124.25 31300
1770814061620 193581.71875 31350
1770814063289 395713.75 31400
1770814065044 215594.90625 31450
1770814066795 223275.21875 31500
1770814068557 256320.578125 31550
1770814070204 175452.65625 31600
1770814071905 348006.15625 31650
1770814073567 178013.90625 31700
1770814075302 75776.8984375 31750
1770814077030 229854.390625 31800
1770814078733 94738.875 31850
1770814080439 282036.375 31900
1770814082171 372585.0 31950
1770814151877 327970.75 32000
1770814153786 211921.203125 32050
1770814155482 168080.03125 32100
1770814157164 243768.5 32150
1770814158884 173540.234375 32200
1770814160632 236267.34375 32250
1770814162305 130456.484375 32300
1770814164113 213146.0625 32350
1770814165777 262514.28125 32400
1770814167485 383250.25 32450
1770814169232 441367.75 32500
1770814170934 390231.8125 32550
1770814172628 290050.78125 32600
1770814174349 138202.03125 32650
1770814176064 314061.46875 32700
1770814177693 299792.8125 32750
1770814247463 201159.75 32800
1770814249456 100922.84375 32850
1770814251191 367230.46875 32900
1770814253009 411362.78125 32950
1770814254742 301333.71875 33000
1770814256473 83747.109375 33050
1770814258171 243186.96875 33100
1770814259872 356346.1875 33150
1770814261608 123748.4921875 33200
1770814263352 372586.25 33250
1770814265061 153527.4375 33300
1770814266749 246401.203125 33350
1770814268458 213415.9375 33400
1770814270215 405791.625 33450
1770814271872 620757.375 33500
1770814273551 106564.0546875 33550
1770814343139 58395.8671875 33600
1770814345096 277137.1875 33650
1770814346823 645452.4375 33700
1770814348522 187772.3125 33750
1770814350268 149964.0 33800
1770814351986 112830.03125 33850
1770814353695 292931.375 33900
1770814355433 93525.1484375 33950
1770814357101 217768.328125 34000
1770814358796 288682.125 34050
1770814360553 216917.09375 34100
1770814362274 190959.859375 34150
1770814363962 289892.3125 34200
1770814365708 180586.890625 34250
1770814367407 274237.71875 34300
1770814369059 200973.0625 34350
1770814438786 310364.0 34400
1770814440661 490070.71875 34450
1770814442372 191892.1875 34500
1770814444051 308410.9375 34550
1770814445800 104210.4453125 34600
1770814447491 292420.46875 34650
1770814449244 191919.59375 34700
1770814450996 308512.125 34750
1770814452710 219051.59375 34800
1770814454381 217035.96875 34850
1770814456145 254348.3125 34900
1770814457836 195849.5 34950
1770814459564 255543.6875 35000
1770814461295 300767.5625 35050
1770814463020 169524.1875 35100
1770814464733 352238.125 35150
1770814534414 331460.5 35200
1770814536274 142524.75 35250
1770814537997 198144.0 35300
1770814539712 407830.34375 35350
1770814541361 185837.0 35400
1770814543054 368462.25 35450
1770814544758 313792.96875 35500
1770814546519 302664.75 35550
1770814548270 275161.0 35600
1770814549983 310458.71875 35650
1770814551714 228389.75 35700
1770814553380 68586.9375 35750
1770814555084 275487.03125 35800
1770814556795 449133.53125 35850
1770814558450 350651.53125 35900
1770814560173 385531.53125 35950
1770814629873 207205.78125 36000
1770814631883 237087.015625 36050
1770814633563 262495.875 36100
1770814635244 164826.71875 36150
1770814636969 515203.78125 36200
1770814638666 314356.8125 36250
1770814640416 636427.1875 36300
1770814642147 169319.40625 36350
1770814643921 268960.53125 36400
1770814645678 97896.46875 36450
1770814647413 279445.25 36500
1770814649147 467664.75 36550
1770814650906 325073.8125 36600
1770814652612 392974.03125 36650
1770814654303 252218.875 36700
1770814656033 258811.8125 36750
1770814724240 335904.4375 36800
1770814726159 201017.3125 36850
1770814727900 120352.3046875 36900
1770814729627 428772.1875 36950
1770814731286 227564.546875 37000
1770814732980 301430.0 37050
1770814734665 196289.328125 37100
1770814736341 479344.21875 37150
1770814738025 246220.75 37200
1770814739803 260125.015625 37250
1770814741522 196647.125 37300
1770814743219 315900.5 37350
1770814744946 224863.25 37400
1770814746633 136202.640625 37450
1770814748355 392452.28125 37500
1770814750064 100503.640625 37550
1770814818092 453419.625 37600
1770814819896 128894.53125 37650
1770814821627 75942.671875 37700
1770814823303 122640.765625 37750
1770814825081 227790.96875 37800
1770814826826 434902.8125 37850
1770814828576 163866.65625 37900
1770814830384 167739.703125 37950
1770814832075 207128.40625 38000
1770814833788 97252.765625 38050
1770814835497 242418.9375 38100
1770814837197 44494.671875 38150
1770814838857 279844.3125 38200
1770814840588 251499.796875 38250
1770814842330 157453.640625 38300
1770814844075 250851.796875 38350
1770814913654 150648.875 38400
1770814915540 73814.5625 38450
1770814917263 149093.015625 38500
1770814918995 127474.765625 38550
1770814920692 232182.796875 38600
1770814922371 253525.703125 38650
1770814924144 220403.171875 38700
1770814925888 157531.609375 38750
1770814927572 294358.8125 38800
1770814929356 262910.46875 38850
1770814931079 178412.09375 38900
1770814932805 304074.8125 38950
1770814934502 143193.09375 39000
1770814936288 300729.0 39050
1770814938034 142323.796875 39100
1770814939777 334520.3125 39150
1770815009489 289560.09375 39200
1770815011372 296665.78125 39250
1770815013107 289035.375 39300
1770815014916 204141.53125 39350
1770815016601 223264.71875 39400
1770815018411 146274.796875 39450
1770815020134 259986.875 39500
1770815021897 274534.59375 39550
1770815023643 166018.796875 39600
1770815025328 241332.96875 39650
1770815027036 99647.9765625 39700
1770815028787 244064.96875 39750
1770815030529 139540.234375 39800
1770815032235 267227.8125 39850
1770815033926 209835.359375 39900
1770815035647 179237.15625 39950
1770815106166 206938.109375 40000
1770815108129 191117.796875 40050
1770815109863 285075.21875 40100
1770815111586 212882.34375 40150
1770815113418 271879.25 40200
1770815115092 275749.4375 40250
1770815116797 180463.28125 40300
1770815118546 274863.46875 40350
1770815120267 239598.125 40400
1770815122061 97950.4375 40450
1770815123753 351893.46875 40500
1770815125452 186290.0 40550
1770815127179 263764.59375 40600
1770815128976 129572.7265625 40650
1770815130704 349738.4375 40700
1770815132413 312455.1875 40750
1770815202867 545640.25 40800
1770815204871 171511.1875 40850
1770815206718 288829.25 40900
1770815208489 305169.5625 40950
1770815210272 222392.75 41000
1770815212049 272958.25 41050
1770815213885 200065.25 41100
1770815215776 310432.3125 41150
1770815217638 149811.96875 41200
1770815219457 335849.9375 41250
1770815221256 144065.65625 41300
1770815223096 367390.8125 41350
1770815224860 250254.34375 41400
1770815226636 248409.03125 41450
1770815228400 473425.28125 41500
1770815230136 229184.25 41550
1770815303121 192931.875 41600
1770815304995 181848.71875 41650
1770815306790 151697.46875 41700
1770815308513 311486.125 41750
1770815310240 118345.5546875 41800
1770815311929 501877.4375 41850
1770815313656 125908.8828125 41900
1770815315412 297423.8125 41950
1770815317071 720456.75 42000
1770815318814 79694.390625 42050
1770815320539 279759.59375 42100
1770815322260 186156.8125 42150
1770815324011 160528.640625 42200
1770815325714 398344.6875 42250
1770815327432 297842.46875 42300
1770815329149 184576.671875 42350
1770815398828 111952.25 42400
1770815400812 228197.6875 42450
1770815402536 142090.84375 42500
1770815404259 250092.15625 42550
1770815405984 90709.921875 42600
1770815407689 211219.5625 42650
1770815409395 258021.65625 42700
1770815411146 288381.5625 42750
1770815412867 350086.9375 42800
1770815414588 159463.65625 42850
1770815416359 194159.46875 42900
1770815418089 91278.453125 42950
1770815419813 164945.140625 43000
1770815421533 208609.96875 43050
1770815423259 119981.6328125 43100
1770815424968 399938.28125 43150
1770815497808 189751.953125 43200
1770815499758 346310.15625 43250
1770815501449 84976.015625 43300
1770815503149 323232.46875 43350
1770815504906 252862.328125 43400
1770815506641 97167.28125 43450
1770815508339 672981.125 43500
1770815510035 132493.53125 43550
1770815511774 281760.1875 43600
1770815513526 1380727.625 43650
1770815515289 302415.875 43700
1770815516985 260173.5 43750
1770815518713 361865.90625 43800
1770815520435 314211.96875 43850
1770815522117 107022.578125 43900
1770815523811 194077.828125 43950
1770815593546 257434.296875 44000
1770815595471 244853.5625 44050
1770815597213 385534.40625 44100
1770815598909 361259.09375 44150
1770815600646 342516.0625 44200
1770815602318 235230.421875 44250
1770815604024 193033.453125 44300
1770815605738 261226.0 44350
1770815607448 177001.65625 44400
1770815609196 220671.140625 44450
1770815610953 150202.96875 44500
1770815612671 292199.9375 44550
1770815614378 240591.0625 44600
1770815616144 504925.15625 44650
1770815617902 374514.90625 44700
1770815619638 194455.484375 44750
1770815687659 417822.625 44800
1770815689600 486184.0 44850
1770815691325 283211.125 44900
1770815693066 514508.1875 44950
1770815694806 286079.1875 45000
1770815696655 324380.21875 45050
1770815698358 320010.75 45100
1770815700051 219590.859375 45150
1770815701720 320757.0625 45200
1770815703432 85496.6953125 45250
1770815705202 94664.53125 45300
1770815706936 437072.78125 45350
1770815708669 187237.28125 45400
1770815710402 661678.875 45450
1770815712161 293068.8125 45500
1770815713899 175411.5625 45550
1770815783535 288727.21875 45600
1770815785470 345970.78125 45650
1770815787234 123196.328125 45700
1770815788927 193583.78125 45750
1770815790601 232337.75 45800
1770815792362 122351.859375 45850
1770815794086 137004.9375 45900
1770815795893 139560.046875 45950
1770815797641 314990.5625 46000
1770815799351 347500.71875 46050
1770815801071 394625.34375 46100
1770815802849 204791.5625 46150
1770815804578 282319.5625 46200
1770815806336 131111.015625 46250
1770815808073 243303.09375 46300
1770815809847 120106.21875 46350
1770815882765 257553.3125 46400
1770815884652 219772.0625 46450
1770815886440 244730.703125 46500
1770815888127 113060.125 46550
1770815889851 364781.6875 46600
1770815891602 309965.875 46650
1770815893361 200853.765625 46700
1770815895158 234578.34375 46750
1770815896853 214525.84375 46800
1770815898592 605543.125 46850
1770815900326 651462.25 46900
1770815902024 615332.1875 46950
1770815903882 301072.65625 47000
1770815905660 194465.65625 47050
1770815907390 469006.8125 47100
1770815909129 605266.8125 47150
1770815978817 268536.3125 47200
1770815980700 252799.21875 47250
1770815982452 187494.65625 47300
1770815984191 271912.4375 47350
1770815985944 336069.3125 47400
1770815987733 209176.03125 47450
1770815989406 355794.78125 47500
1770815991140 272242.4375 47550
1770815992835 259197.65625 47600
1770815994603 263009.5 47650
1770815996327 257203.78125 47700
1770815998047 141214.0625 47750
1770815999717 320933.0625 47800
1770816001476 165605.1875 47850
1770816003190 372544.5625 47900
1770816004955 114403.4765625 47950
1770816074615 128840.9765625 48000
1770816076537 511781.125 48050
1770816078315 206296.84375 48100
1770816080123 460736.75 48150
1770816081853 298465.625 48200
1770816083568 396454.0625 48250
1770816085321 118234.8515625 48300
1770816087142 416391.25 48350
1770816088808 253852.703125 48400
1770816090550 160261.25 48450
1770816092292 193170.25 48500
1770816094018 288953.84375 48550
1770816095774 215357.640625 48600
1770816097543 204775.25 48650
1770816099231 323314.125 48700
1770816100927 232720.09375 48750
1770816170674 228432.25 48800
1770816172538 381103.4375 48850
1770816174294 220180.40625 48900
1770816176005 181966.03125 48950
1770816177716 410873.40625 49000
1770816179439 356896.96875 49050
1770816181143 699054.0625 49100
1770816182896 479830.25 49150
1770816184617 97174.59375 49200
1770816186318 502528.65625 49250
1770816188029 327481.0 49300
1770816189820 176131.40625 49350
1770816191525 502610.8125 49400
1770816193386 382256.5625 49450
1770816195151 227484.8125 49500
1770816196925 143849.21875 49550
1770816266666 299241.4375 49600
1770816268603 426124.53125 49650
1770816270311 381531.09375 49700
1770816272089 256855.0625 49750
1770816273928 168260.078125 49800
1770816275673 297720.84375 49850
1770816277354 248700.078125 49900
1770816279108 168762.75 49950
1770816280792 188212.125 50000
1770816282573 121585.7890625 50050
1770816284346 128502.125 50100
1770816286105 196302.203125 50150
1770816287877 542102.25 50200
1770816289632 287123.34375 50250
1770816291342 97256.734375 50300
1770816293113 112323.5859375 50350
1770816362828 240746.734375 50400
1770816364814 396390.84375 50450
1770816366552 243419.125 50500
1770816368342 85339.890625 50550
1770816370067 142487.96875 50600
1770816371750 185063.921875 50650
1770816373551 351308.59375 50700
1770816375325 529175.3125 50750
1770816377128 210859.515625 50800
1770816378822 327489.65625 50850
1770816380546 256797.359375 50900
1770816382249 234048.0 50950
1770816383992 269852.8125 51000
1770816385724 435713.375 51050
1770816387513 262072.4375 51100
1770816389280 400686.5625 51150
1770816459184 151729.265625 51200
1770816460958 218941.625 51250
1770816462730 229086.171875 51300
1770816464430 380244.125 51350
1770816466212 406087.875 51400
1770816468038 439987.8125 51450
1770816469731 166916.4375 51500
1770816471529 241282.90625 51550
1770816473261 317564.09375 51600
1770816475013 176400.8125 51650
1770816476757 193068.75 51700
1770816478510 214308.171875 51750
1770816480261 324655.3125 51800
1770816482006 164003.515625 51850
1770816483732 109885.515625 51900
1770816485456 65413.4296875 51950
1770816555297 375534.75 52000
1770816557190 526956.5 52050
1770816558922 143131.265625 52100
1770816560674 69475.6171875 52150
1770816562502 207694.8125 52200
1770816564155 216273.3125 52250
1770816565829 179376.90625 52300
1770816567588 279947.8125 52350
1770816569315 328491.125 52400
1770816571080 78482.125 52450
1770816572858 287658.0 52500
1770816574541 215898.71875 52550
1770816576316 312352.625 52600
1770816578074 237402.296875 52650
1770816579761 109386.53125 52700
1770816581491 292456.5 52750
1770816654350 396041.5 52800
1770816656356 1462620.125 52850
1770816658061 98370.90625 52900
1770816659756 219829.359375 52950
1770816661557 367796.71875 53000
1770816663276 212368.703125 53050
1770816665014 723636.9375 53100
1770816666820 442001.8125 53150
1770816668527 244363.625 53200
1770816670250 242670.828125 53250
1770816672082 164304.5 53300
1770816673851 441557.59375 53350
1770816675553 350524.25 53400
1770816677378 152507.8125 53450
1770816679182 342484.96875 53500
1770816680948 277525.90625 53550
1770816749051 343218.65625 53600
1770816750965 190072.859375 53650
1770816752763 211372.390625 53700
1770816754545 341759.90625 53750
1770816756293 121518.21875 53800
1770816758059 212742.125 53850
1770816759805 220876.96875 53900
1770816761595 107703.453125 53950
1770816763331 332713.65625 54000
1770816765061 155029.09375 54050
1770816766855 336449.25 54100
1770816768541 266817.34375 54150
1770816770331 414183.375 54200
1770816772191 214540.0625 54250
1770816773935 157229.875 54300
1770816775682 310916.375 54350
1770816845359 176433.71875 54400
1770816847308 206957.03125 54450
1770816849013 236583.140625 54500
1770816850732 189440.0 54550
1770816852521 479885.75 54600
1770816854327 116654.140625 54650
1770816856036 289464.75 54700
1770816857813 199733.3125 54750
1770816859539 104338.0 54800
1770816861202 202498.9375 54850
1770816862952 455733.5625 54900
1770816864697 177279.421875 54950
1770816866459 316596.0 55000
1770816868210 199670.3125 55050
1770816869908 230892.90625 55100
1770816871648 153583.9375 55150
1770816941332 156612.65625 55200
1770816943242 119203.8515625 55250
1770816944991 304059.40625 55300
1770816946713 239230.125 55350
1770816948520 345789.84375 55400
1770816950377 54048.375 55450
1770816952138 181118.078125 55500
1770816953983 376027.0625 55550
1770816955797 197262.671875 55600
1770816957635 102735.53125 55650
1770816959425 202035.3125 55700
1770816961274 322070.9375 55750
1770816962974 112499.703125 55800
1770816964718 81543.7265625 55850
1770816966510 144206.53125 55900
1770816968198 602861.5625 55950
1770817038907 323019.25 56000
1770817040880 495654.4375 56050
1770817042690 283120.625 56100
1770817044419 234838.6875 56150
1770817046205 77331.6171875 56200
1770817047936 368136.71875 56250
1770817049616 218109.84375 56300
1770817051380 292255.15625 56350
1770817053124 77903.203125 56400
1770817054856 158328.109375 56450
1770817056720 633139.8125 56500
1770817058479 175575.0625 56550
1770817060194 358785.96875 56600
1770817062030 274872.3125 56650
1770817063765 90338.859375 56700
1770817065474 196941.171875 56750
1770817135196 225574.953125 56800
1770817137189 365694.09375 56850
1770817138961 406858.4375 56900
1770817140654 171969.1875 56950
1770817142377 723213.375 57000
1770817144168 259020.1875 57050
1770817145936 220170.15625 57100
1770817147689 408006.40625 57150
1770817149518 272506.96875 57200
1770817151222 310859.25 57250
1770817152970 156212.6875 57300
1770817154680 73453.78125 57350
1770817156390 307381.5625 57400
1770817158169 122339.953125 57450
1770817159903 284790.125 57500
1770817161716 275430.34375 57550
1770817232237 248976.390625 57600
1770817234186 342358.28125 57650
1770817235946 630611.375 57700
1770817237626 325485.40625 57750
1770817239397 337109.21875 57800
1770817241179 163901.65625 57850
1770817242930 205011.71875 57900
1770817244753 400136.90625 57950
1770817246443 426136.0 58000
1770817248136 74958.296875 58050
1770817249900 129631.4375 58100
1770817251546 274079.0625 58150
1770817253275 399511.75 58200
1770817255124 405229.125 58250
1770817256854 474713.4375 58300
1770817258616 279799.5 58350
1770817326883 273247.75 58400
1770817328743 345067.125 58450
1770817330450 281462.125 58500
1770817332200 213825.59375 58550
1770817333970 386181.40625 58600
1770817335733 187071.65625 58650
1770817337480 201106.640625 58700
1770817339319 236280.6875 58750
1770817341017 301876.9375 58800
1770817342822 179115.53125 58850
1770817344573 287193.71875 58900
1770817346352 1678652.75 58950
1770817348052 107938.125 59000
1770817349830 424364.25 59050
1770817351563 108941.8984375 59100
1770817353251 127666.03125 59150
1770817423754 182886.53125 59200
1770817425633 265411.9375 59250
1770817427367 349828.1875 59300
1770817429108 142764.984375 59350
1770817430859 240362.390625 59400
1770817432635 172831.25 59450
1770817434378 174249.0 59500
1770817436187 215729.5 59550
1770817437950 295620.1875 59600
1770817439736 430168.28125 59650
1770817441477 394282.1875 59700
1770817443199 201171.625 59750
1770817444925 262094.1875 59800
1770817446739 192487.96875 59850
1770817448473 278853.0 59900
1770817450163 27385.541015625 59950
1770817519970 113785.9375 60000
1770817521856 347006.5625 60050
1770817523627 268743.34375 60100
1770817525349 174316.921875 60150
1770817527093 335528.875 60200
1770817528862 155927.1875 60250
1770817530650 192415.359375 60300
1770817532424 472528.375 60350
1770817534203 70364.09375 60400
1770817535906 86300.3984375 60450
1770817537667 311471.8125 60500
1770817539413 526971.3125 60550
1770817541207 368101.46875 60600
1770817543043 73382.890625 60650
1770817544789 312000.15625 60700
1770817546613 168818.5 60750
1770817619545 94960.5234375 60800
1770817621485 138324.4375 60850
1770817623187 416400.46875 60900
1770817624877 158650.4375 60950
1770817626770 314255.34375 61000
1770817628510 96469.328125 61050
1770817630258 193847.796875 61100
1770817632025 181262.1875 61150
1770817633816 632240.125 61200
1770817635569 353526.75 61250
1770817637377 140721.21875 61300
1770817639080 168795.78125 61350
1770817640808 337298.375 61400
1770817642600 221649.515625 61450
1770817644322 100332.5 61500
1770817646061 164374.71875 61550
1770817714331 131051.9375 61600
1770817716216 266937.1875 61650
1770817718088 164923.359375 61700
1770817719901 474953.21875 61750
1770817721760 143562.578125 61800
1770817723536 253190.625 61850
1770817725328 169026.96875 61900
1770817727114 214803.046875 61950
1770817728881 296517.5 62000
1770817730675 435630.25 62050
1770817732439 401204.21875 62100
1770817734232 227474.390625 62150
1770817736061 620915.625 62200
1770817737851 205347.65625 62250
1770817739567 150094.34375 62300
1770817741349 212846.28125 62350
1770817810984 241796.75 62400
1770817813021 116363.5390625 62450
1770817814766 382628.53125 62500
1770817816571 536299.125 62550
1770817818386 234654.53125 62600
1770817820173 184297.375 62650
1770817821959 72340.1484375 62700
1770817823756 219046.96875 62750
1770817825496 205448.140625 62800
1770817827263 179933.0 62850
1770817829059 209753.453125 62900
1770817830887 241355.15625 62950
1770817832630 227644.015625 63000
1770817834471 160962.96875 63050
1770817836225 371522.25 63100
1770817838083 282528.6875 63150
1770817907879 186165.453125 63200
1770817909764 432010.28125 63250
1770817911499 222966.5625 63300
1770817913228 300925.6875 63350
1770817915034 266430.125 63400
1770817916805 279292.0625 63450
1770817918533 603981.625 63500
1770817920319 404726.0625 63550
1770817922046 120947.625 63600
1770817923795 419487.0625 63650
1770817925526 435976.34375 63700
1770817927297 252438.90625 63750
1770817929109 226773.171875 63800
1770817930872 171875.03125 63850
1770817932689 296411.40625 63900
1770817934477 235476.15625 63950
1770818007451 186558.65625 64000
1770818009547 162227.828125 64050
1770818011357 396295.40625 64100
1770818013176 202668.953125 64150
1770818014987 231187.921875 64200
1770818016797 644022.125 64250
1770818018536 154381.625 64300
1770818020297 66313.3828125 64350
1770818022067 140960.71875 64400
1770818023843 279050.96875 64450
1770818025659 494128.0625 64500
1770818027446 145534.6875 64550
1770818029164 219671.5625 64600
1770818030970 336004.3125 64650
1770818032742 431819.9375 64700
1770818034508 155671.0625 64750
1770818106279 662427.25 64800
1770818108292 196187.34375 64850
1770818110120 396310.75 64900
1770818111869 270813.875 64950
1770818113651 251304.875 65000
1770818115435 164314.375 65050
1770818117196 332079.90625 65100
1770818118918 209618.84375 65150
1770818120676 276260.875 65200
1770818122468 258807.0 65250
1770818124217 275658.3125 65300
1770818126004 237034.90625 65350
1770818127753 415984.0625 65400
1770818129597 90826.9375 65450
1770818131367 307898.46875 65500
1770818133265 420647.8125 65550
1770818206476 94865.4921875 65600
1770818208383 438098.75 65650
1770818210189 268856.3125 65700
1770818211975 168961.578125 65750
1770818213768 197656.390625 65800
1770818215524 1524557.25 65850
1770818217249 187543.640625 65900
1770818219005 262648.75 65950
1770818220815 289021.875 66000
1770818222578 93092.3359375 66050
1770818224322 166464.3125 66100
1770818226108 273175.59375 66150
1770818227894 200447.203125 66200
1770818229729 87803.90625 66250
1770818231522 571216.8125 66300
1770818233260 179957.28125 66350
1770818303135 439214.71875 66400
1770818305078 234429.5 66450
1770818306878 230991.4375 66500
1770818308720 324636.1875 66550
1770818310497 178916.53125 66600
1770818312289 412459.0 66650
1770818314000 142945.59375 66700
1770818315765 298949.75 66750
1770818317497 272923.5625 66800
1770818319293 202203.359375 66850
1770818321037 282794.25 66900
1770818322705 459141.5625 66950
1770818324484 617595.25 67000
1770818326228 487041.28125 67050
1770818327972 424408.4375 67100
1770818329714 76139.765625 67150
1770818399509 437912.71875 67200
1770818401565 110482.1328125 67250
1770818403364 239735.125 67300
1770818405275 261845.84375 67350
1770818407101 269261.59375 67400
1770818408845 227113.0625 67450
1770818410611 347569.65625 67500
1770818412360 303006.1875 67550
1770818414103 296745.71875 67600
1770818415895 152363.0 67650
1770818417669 306743.21875 67700
1770818419473 148654.109375 67750
1770818421195 209968.453125 67800
1770818422945 373338.5 67850
1770818424703 188834.546875 67900
1770818426482 304475.0625 67950
1770818496368 207809.015625 68000
1770818498401 237950.984375 68050
1770818500129 163813.0 68100
1770818501906 164843.390625 68150
1770818503692 238298.96875 68200
1770818505460 200052.625 68250
1770818507292 605409.25 68300
1770818509071 349879.25 68350
1770818510887 278476.1875 68400
1770818512768 131379.65625 68450
1770818514583 305823.96875 68500
1770818516298 201995.0 68550
1770818518095 240756.03125 68600
1770818519904 228322.75 68650
1770818521668 282725.875 68700
1770818523375 92078.75 68750
1770818596403 172881.25 68800
1770818598361 357079.5 68850
1770818600130 330164.21875 68900
1770818601834 229240.9375 68950
1770818603668 110889.015625 69000
1770818605514 253862.78125 69050
1770818607261 160729.875 69100
1770818609090 171758.609375 69150
1770818610832 365604.25 69200
1770818612602 190264.875 69250
1770818614375 215844.65625 69300
1770818616178 410296.375 69350
1770818617925 286431.84375 69400
1770818619692 247108.421875 69450
1770818621398 233259.96875 69500
1770818623179 615261.625 69550
1770818696262 84573.109375 69600
1770818698338 309537.9375 69650
1770818700123 177370.625 69700
1770818701980 345459.8125 69750
1770818703781 454513.71875 69800
1770818705491 198741.84375 69850
1770818707242 113582.65625 69900
1770818709105 236658.75 69950
1770818710876 140654.46875 70000
1770818712624 314599.3125 70050
1770818714486 269805.875 70100
1770818716287 367822.6875 70150
1770818718050 385301.65625 70200
1770818719835 273516.1875 70250
1770818721596 187692.703125 70300
1770818723357 508651.1875 70350
1770818793243 122818.2109375 70400
1770818795299 255581.234375 70450
1770818797038 274765.25 70500
1770818798789 334098.375 70550
1770818800564 215488.8125 70600
1770818802345 246602.828125 70650
1770818804099 112828.296875 70700
1770818805947 233523.890625 70750
1770818807756 159260.859375 70800
1770818809481 258290.1875 70850
1770818811307 176819.453125 70900
1770818813096 625306.3125 70950
1770818814854 295125.96875 71000
1770818816630 298656.125 71050
1770818818442 108926.46875 71100
1770818820231 62850.5390625 71150
1770818890033 336144.8125 71200
1770818891939 416415.78125 71250
1770818893786 209819.484375 71300
1770818895529 239070.921875 71350
1770818897359 382643.4375 71400
1770818899104 280785.84375 71450
1770818900925 328956.8125 71500
1770818902727 192727.25 71550
1770818904444 315124.1875 71600
1770818906241 30759.181640625 71650
1770818907997 302865.75 71700
1770818909771 398764.3125 71750
1770818911518 548343.4375 71800
1770818913288 381288.3125 71850
1770818915086 182258.046875 71900
1770818916892 191635.9375 71950
1770818989973 90243.4140625 72000
1770818991913 69498.2890625 72050
1770818993711 341699.5 72100
1770818995526 152276.53125 72150
1770818997354 182860.59375 72200
1770818999113 218877.40625 72250
1770819000898 216870.28125 72300
1770819002675 271053.5625 72350
1770819004449 241796.375 72400
1770819006250 204215.140625 72450
1770819008055 200220.421875 72500
1770819009883 298474.0 72550
1770819011651 218220.65625 72600
1770819013495 195721.5625 72650
1770819015255 49148.14453125 72700
1770819017074 218887.5 72750
1770819090045 223278.53125 72800
1770819091997 222213.375 72850
1770819093777 250431.46875 72900
1770819095548 160146.3125 72950
1770819097372 408486.1875 73000
1770819099174 286286.625 73050
1770819100957 253331.90625 73100
1770819102721 103050.265625 73150
1770819104640 15017.6982421875 73200
1770819106451 381534.3125 73250
1770819108244 210207.46875 73300
1770819110082 240486.4375 73350
1770819111866 405019.34375 73400
1770819113711 184807.625 73450
1770819115484 325152.6875 73500
1770819117292 449501.03125 73550
1770819190317 444604.5 73600
1770819192275 210510.71875 73650
1770819194005 367617.1875 73700
1770819195742 227843.03125 73750
1770819197608 262941.25 73800
1770819199456 287417.71875 73850
1770819201191 377286.1875 73900
1770819203024 303846.6875 73950
1770819204838 220085.75 74000
1770819206607 199028.9375 74050
1770819208404 217569.0 74100
1770819210147 107970.921875 74150
1770819211886 180132.609375 74200
1770819213764 151672.640625 74250
1770819215620 106994.078125 74300
1770819217417 211878.171875 74350
1770819287212 371852.8125 74400
1770819289252 731339.0 74450
1770819291045 500585.96875 74500
1770819292860 176679.296875 74550
1770819294706 269429.84375 74600
1770819296522 117336.265625 74650
1770819298284 192216.765625 74700
1770819300042 199963.40625 74750
1770819301917 227742.71875 74800
1770819303693 127068.9609375 74850
1770819305496 176307.40625 74900
1770819307327 68825.328125 74950
1770819309139 271069.9375 75000
1770819310925 209610.28125 75050
1770819312797 202437.46875 75100
1770819314613 239764.03125 75150
1770819384477 187228.640625 75200
1770819386266 334510.375 75250
1770819388089 137716.625 75300
1770819389910 137504.78125 75350
1770819391706 214117.765625 75400
1770819393465 513202.25 75450
1770819395202 393718.59375 75500
1770819396982 234163.28125 75550
1770819398778 410378.75 75600
1770819400554 182892.484375 75650
1770819402286 544956.75 75700
1770819404089 424849.25 75750
1770819405874 535429.25 75800
1770819407698 621933.0625 75850
1770819409475 160377.21875 75900
1770819411234 150894.6875 75950
1770819481057 313774.34375 76000
1770819483013 266915.21875 76050
1770819484791 252699.796875 76100
1770819486531 105180.46875 76150
1770819488339 373072.875 76200
1770819490088 403452.5625 76250
1770819491849 222806.078125 76300
1770819493695 317768.21875 76350
1770819495473 318686.90625 76400
1770819497245 298745.34375 76450
1770819498987 624381.75 76500
1770819500822 82767.28125 76550
1770819502608 67110.875 76600
1770819504397 233797.890625 76650
1770819506216 413100.09375 76700
1770819507983 368087.625 76750
1770819578559 331409.28125 76800
1770819580539 429525.5625 76850
1770819582401 243435.984375 76900
1770819584296 412857.03125 76950
1770819586143 371229.25 77000
1770819588039 265774.28125 77050
1770819589853 249585.25 77100
1770819591645 270072.75 77150
1770819593470 198962.96875 77200
1770819595200 272799.71875 77250
1770819597014 182892.3125 77300
1770819598779 132611.828125 77350
1770819600606 236697.625 77400
1770819602384 598437.5625 77450
1770819604233 370241.9375 77500
1770819606050 224870.515625 77550
1770819675879 164795.328125 77600
1770819677886 188749.59375 77650
1770819679728 174747.28125 77700
1770819681550 100800.9765625 77750
1770819683308 356148.0 77800
1770819685055 252916.84375 77850
1770819686857 154475.515625 77900
1770819688619 238455.515625 77950
1770819690424 362674.3125 78000
1770819692236 229666.8125 78050
1770819694065 335317.84375 78100
1770819695845 452014.6875 78150
1770819697640 238157.59375 78200
1770819699418 321807.03125 78250
1770819701166 270180.0625 78300
1770819702949 456854.25 78350
1770819772822 177262.0 78400
1770819774853 183951.3125 78450
1770819776693 158853.0625 78500
1770819778457 220966.78125 78550
1770819780303 365780.3125 78600
1770819782103 170342.84375 78650
1770819783881 283418.4375 78700
1770819785775 229417.90625 78750
1770819787565 334041.1875 78800
1770819789357 235627.359375 78850
1770819791143 301710.125 78900
1770819792942 221152.0625 78950
1770819794780 335379.96875 79000
1770819796664 222429.734375 79050
1770819798473 225810.703125 79100
1770819800286 340862.375 79150
1770819870148 520397.3125 79200
1770819872104 172990.40625 79250
1770819873904 368897.78125 79300
1770819875712 270283.46875 79350
1770819877524 144870.75 79400
1770819879253 533662.375 79450
1770819881066 389665.65625 79500
1770819882929 163390.875 79550
1770819884770 81397.90625 79600
1770819886515 289049.21875 79650
1770819888396 225799.875 79700
1770819890144 628999.75 79750
1770819891900 108388.5625 79800
1770819893694 51390.8203125 79850
1770819895444 337972.0625 79900
1770819897207 441009.4375 79950
1770819967007 231401.46875 80000
1770819968947 96872.3359375 80050
1770819970765 459622.46875 80100
1770819972568 191909.40625 80150
1770819974360 284152.15625 80200
1770819976230 166394.25 80250
1770819977993 349653.625 80300
1770819979859 292289.9375 80350
1770819981650 205539.703125 80400
1770819983429 219145.21875 80450
1770819985361 247921.5625 80500
1770819987176 84087.0 80550
1770819988978 254080.421875 80600
1770819990815 298503.5625 80650
1770819992627 237811.28125 80700
1770819994515 229323.84375 80750
1770820065066 136775.34375 80800
1770820067037 350487.125 80850
1770820068847 183240.015625 80900
1770820070717 203105.6875 80950
1770820072484 218412.3125 81000
1770820074279 93643.4375 81050
1770820076071 196995.46875 81100
1770820078044 410659.9375 81150
1770820079812 279220.8125 81200
1770820081580 297228.5625 81250
1770820083365 111208.8828125 81300
1770820085183 108136.65625 81350
1770820087012 295314.15625 81400
1770820088807 87266.6875 81450
1770820090539 449977.96875 81500
1770820092361 302051.125 81550
1770820162204 181448.171875 81600
1770820164197 286294.375 81650
1770820166003 286200.9375 81700
1770820167797 91722.484375 81750
1770820169619 193107.671875 81800
1770820171446 353787.75 81850
1770820173233 125117.796875 81900
1770820174990 163464.90625 81950
1770820176814 235466.375 82000
1770820178636 250597.171875 82050
1770820180430 242004.046875 82100
1770820182220 250396.859375 82150
1770820184045 249552.1875 82200
1770820185892 63966.359375 82250
1770820187697 145256.359375 82300
1770820189530 219402.453125 82350
1770820259433 550678.75 82400
1770820261351 214654.09375 82450
1770820263210 413716.0 82500
1770820265032 422714.8125 82550
1770820266793 176844.375 82600
1770820268579 384349.5625 82650
1770820270363 138179.6875 82700
1770820272174 151353.28125 82750
1770820273994 135693.078125 82800
1770820275823 230392.53125 82850
1770820277633 167284.578125 82900
1770820279415 347727.28125 82950
1770820281233 148042.5625 83000
1770820283237 127234.078125 83050
1770820285108 238311.375 83100
1770820286954 1402267.875 83150
1770820357650 401956.15625 83200
1770820359691 191885.0625 83250
1770820361482 431956.4375 83300
1770820363242 640711.5 83350
1770820365059 74340.578125 83400
1770820366889 334034.09375 83450
1770820368765 255382.328125 83500
1770820370606 188448.453125 83550
1770820372397 283814.65625 83600
1770820374217 546104.1875 83650
1770820376076 247597.140625 83700
1770820377878 141435.390625 83750
1770820379666 453708.0 83800
1770820381483 395359.1875 83850
1770820383304 451715.0625 83900
1770820385165 232155.359375 83950
1770820454969 210517.296875 84000
1770820457059 175262.921875 84050
1770820458811 398788.8125 84100
1770820460642 390632.625 84150
1770820462431 182393.09375 84200
1770820464200 229369.203125 84250
1770820465982 314631.125 84300
1770820467795 481924.0 84350
1770820469582 133009.1875 84400
1770820471414 130256.1796875 84450
1770820473254 175987.125 84500
1770820475053 205883.5625 84550
1770820476862 134557.8125 84600
1770820478644 216545.984375 84650
1770820480446 155014.4375 84700
1770820482318 216475.625 84750
1770820550682 127106.3125 84800
1770820552725 1426782.0 84850
1770820554566 338919.0 84900
1770820556404 160568.46875 84950
1770820558394 253157.9375 85000
1770820560230 156872.953125 85050
1770820562012 105319.9140625 85100
1770820563735 143147.046875 85150
1770820565629 255683.578125 85200
1770820567463 69521.515625 85250
1770820569286 654522.375 85300
1770820571086 332491.75 85350
1770820572934 265134.0625 85400
1770820574722 311983.78125 85450
1770820576537 97952.9921875 85500
1770820578358 246260.03125 85550
1770820651349 212650.578125 85600
1770820653361 255000.5625 85650
1770820655114 250892.421875 85700
1770820656956 301236.0625 85750
1770820658893 304592.53125 85800
1770820660721 1381749.125 85850
1770820662485 423378.375 85900
1770820664255 185105.34375 85950
1770820666054 246158.84375 86000
1770820667825 333644.03125 86050
1770820669662 299049.0 86100
1770820671406 221494.59375 86150
1770820673149 216656.046875 86200
1770820674951 228631.375 86250
1770820676760 197144.375 86300
1770820678566 70705.1484375 86350
1770820751681 232701.71875 86400
1770820753776 216406.46875 86450
1770820755598 70952.9921875 86500
1770820757456 229804.28125 86550
1770820759248 224651.1875 86600
1770820761010 380556.5 86650
1770820762791 82576.4375 86700
1770820764631 266686.6875 86750
1770820766514 173974.03125 86800
1770820768283 252086.0 86850
1770820770134 443702.09375 86900
1770820771971 321391.78125 86950
1770820773809 290896.0625 87000
1770820775660 145119.5 87050
1770820777487 273863.375 87100
1770820779324 108450.03125 87150
1770820849279 338737.84375 87200
1770820851352 266340.625 87250
1770820853201 239533.515625 87300
1770820855006 165832.640625 87350
1770820856857 203430.125 87400
1770820858619 166412.890625 87450
1770820860433 299463.1875 87500
1770820862331 238786.984375 87550
1770820864176 643054.8125 87600
1770820866042 230436.90625 87650
1770820867865 1071306.625 87700
1770820869656 286721.0625 87750
1770820871571 162521.828125 87800
1770820873340 146884.796875 87850
1770820875123 264915.375 87900
1770820876947 140308.125 87950
1770820950060 139333.65625 88000
1770820952093 229395.1875 88050
1770820953982 258306.40625 88100
1770820955822 152284.75 88150
1770820957604 156968.9375 88200
1770820959385 288804.1875 88250
1770820961170 380543.375 88300
1770820962952 278284.0625 88350
1770820964739 569630.1875 88400
1770820966560 187323.15625 88450
1770820968350 139966.46875 88500
1770820970139 371642.3125 88550
1770820971969 298111.1875 88600
1770820973777 205995.0 88650
1770820975643 170954.09375 88700
1770820977503 157653.828125 88750
1770821045701 217094.96875 88800
1770821047688 155180.265625 88850
1770821049571 233814.46875 88900
1770821051401 242623.984375 88950
1770821053228 223496.765625 89000
1770821055011 234054.28125 89050
1770821056808 155653.5625 89100
1770821058734 537663.9375 89150
1770821060510 157304.640625 89200
1770821062329 189112.609375 89250
1770821064123 265516.90625 89300
1770821066098 146657.875 89350
1770821068009 140409.4375 89400
1770821069874 260659.640625 89450
1770821071712 205085.734375 89500
1770821073504 194476.0 89550
1770821142695 282387.0625 89600
1770821144700 318664.5 89650
1770821146615 66015.1015625 89700
1770821148517 380975.5625 89750
1770821150302 141415.71875 89800
1770821152179 407798.4375 89850
1770821153960 149536.453125 89900
1770821155835 449117.1875 89950
1770821157640 405449.59375 90000
1770821159457 153038.5625 90050
1770821161316 422566.6875 90100
1770821163122 336482.125 90150
1770821164916 186559.46875 90200
1770821166785 212566.671875 90250
1770821168680 200580.078125 90300
1770821170511 349234.96875 90350
1770821240431 297725.9375 90400
1770821242469 280835.78125 90450
1770821244310 504684.84375 90500
1770821246126 168782.53125 90550
1770821247909 380532.0 90600
1770821249690 370145.5 90650
1770821251466 314514.125 90700
1770821253295 315249.6875 90750
1770821255108 111796.890625 90800
1770821256907 354097.75 90850
1770821258832 361791.875 90900
1770821260605 333326.90625 90950
1770821262455 259900.46875 91000
1770821264330 704180.0625 91050
1770821266138 295747.0625 91100
1770821267989 132512.375 91150
1770821337842 278945.25 91200
1770821339944 332213.6875 91250
1770821341848 200579.625 91300
1770821343640 241082.109375 91350
1770821345457 114027.4765625 91400
1770821347349 244686.03125 91450
1770821349152 642090.5625 91500
1770821351076 297188.625 91550
1770821352906 193040.5 91600
1770821354769 220221.734375 91650
1770821356544 337570.5625 91700
1770821358355 249478.75 91750
1770821360221 369202.25 91800
1770821362064 255190.625 91850
1770821363869 168242.90625 91900
1770821365702 219174.21875 91950
1770821436404 271248.28125 92000
1770821438367 284122.125 92050
1770821440182 274610.6875 92100
1770821441927 138512.125 92150
1770821443766 264187.96875 92200
1770821445573 221123.71875 92250
1770821447372 137456.125 92300
1770821449160 175127.125 92350
1770821451021 276537.0 92400
1770821452925 256056.15625 92450
1770821454731 152525.40625 92500
1770821456575 407091.625 92550
1770821458393 133789.765625 92600
1770821460205 173369.359375 92650
1770821462008 170421.125 92700
1770821463859 87556.0625 92750
1770821537058 214217.21875 92800
1770821539141 270268.09375 92850
1770821540983 208795.609375 92900
1770821542765 224788.59375 92950
1770821544584 270575.25 93000
1770821546462 618474.625 93050
1770821548284 278307.1875 93100
1770821550098 361554.25 93150
1770821551984 164140.53125 93200
1770821553977 105248.21875 93250
1770821555779 103669.84375 93300
1770821557533 319759.09375 93350
1770821559388 345020.71875 93400
1770821561214 132848.984375 93450
1770821563076 185824.796875 93500
1770821565010 267969.0 93550
1770821638008 299292.28125 93600
1770821640011 176997.546875 93650
1770821641937 285995.53125 93700
1770821643817 338011.75 93750
1770821645616 1626401.0 93800
1770821647489 315231.9375 93850
1770821649305 67170.8203125 93900
1770821651131 425535.4375 93950
1770821652962 163544.484375 94000
1770821654734 306783.5 94050
1770821656595 211004.8125 94100
1770821658437 248559.203125 94150
1770821660313 160923.890625 94200
1770821662187 294328.71875 94250
1770821664008 196895.234375 94300
1770821665899 343681.34375 94350
1770821735704 357540.34375 94400
1770821737588 196389.515625 94450
1770821739409 405530.71875 94500
1770821741226 636062.625 94550
1770821743084 224509.609375 94600
1770821744896 303562.25 94650
1770821746741 104874.328125 94700
1770821748616 491353.5 94750
1770821750457 302516.53125 94800
1770821752283 240343.046875 94850
1770821754104 207791.515625 94900
1770821755865 269426.9375 94950
1770821757697 106510.515625 95000
1770821759579 215630.34375 95050
1770821761395 151324.828125 95100
1770821763176 82477.6875 95150
1770821833042 302642.125 95200
1770821835038 368895.0 95250
1770821836929 344492.9375 95300
1770821838729 123829.3671875 95350
1770821840577 186922.5625 95400
1770821842384 314563.3125 95450
1770821844172 345881.96875 95500
1770821846007 184886.96875 95550
1770821847806 197369.578125 95600
1770821849647 295766.53125 95650
1770821851433 372404.625 95700
1770821853220 277347.4375 95750
1770821854973 292691.65625 95800
1770821856800 278683.625 95850
1770821858671 229107.578125 95900
1770821860506 109549.5 95950
1770821933520 133562.421875 96000
1770821935521 318262.90625 96050
1770821937340 224577.46875 96100
1770821939231 254593.421875 96150
1770821941073 183336.15625 96200
1770821942935 133301.078125 96250
1770821944735 189511.796875 96300
1770821946632 564417.5 96350
1770821948429 179064.359375 96400
1770821950277 230142.734375 96450
1770821952140 297657.4375 96500
1770821953989 225676.859375 96550
1770821955866 223554.828125 96600
1770821957687 146332.59375 96650
1770821959492 118241.1328125 96700
1770821961381 228619.46875 96750
1770822032015 66896.34375 96800
1770822034084 301534.71875 96850
1770822035985 254769.96875 96900
1770822037859 242197.90625 96950
1770822039693 532149.75 97000
1770822041531 206096.578125 97050
1770822043389 125821.28125 97100
1770822045263 290337.5 97150
1770822047083 283933.9375 97200
1770822048920 117875.1015625 97250
1770822050746 164498.46875 97300
1770822052542 142580.171875 97350
1770822054360 79959.703125 97400
1770822056187 342113.75 97450
1770822058135 108878.609375 97500
1770822060005 286755.53125 97550
1770822129802 446027.96875 97600
1770822131909 253005.8125 97650
1770822133784 183121.125 97700
1770822135554 235901.015625 97750
1770822137381 287849.0625 97800
1770822139166 172595.09375 97850
1770822141009 294785.375 97900
1770822142890 244622.78125 97950
1770822144848 261572.625 98000
1770822146824 240581.765625 98050
1770822148729 234301.171875 98100
1770822150601 247925.328125 98150
1770822152486 420948.5 98200
1770822154379 231800.734375 98250
1770822156181 193295.640625 98300
1770822158025 239490.0 98350
1770822227843 285854.5625 98400
1770822229944 117286.625 98450
1770822231770 423153.4375 98500
1770822233642 314687.34375 98550
1770822235495 194957.578125 98600
1770822237345 362809.0625 98650
1770822239166 206206.03125 98700
1770822241051 155366.0 98750
1770822242925 366530.0 98800
1770822244782 175980.96875 98850
1770822246636 161949.0625 98900
1770822248448 483030.125 98950
1770822250242 103343.1015625 99000
1770822252237 373076.3125 99050
1770822254081 244875.3125 99100
1770822255881 134111.4375 99150
1770822324217 340472.9375 99200
1770822326231 277968.5 99250
1770822328097 150359.5625 99300
1770822329944 159175.375 99350
1770822331818 206371.125 99400
1770822333625 467852.125 99450
1770822335404 242464.5 99500
1770822337261 204388.875 99550
1770822339083 191125.546875 99600
1770822340924 171512.03125 99650
1770822342711 387886.09375 99700
1770822344618 185008.703125 99750
1770822346402 281990.375 99800
1770822348284 146801.6875 99850
1770822350150 418946.25 99900
1770822351989 238803.6875 99950
1770810336183 129198.75 0
