1770810336128 0.6255931854248047 0
1770810338776 0.4123392105102539 50
1770810341365 0.3381023406982422 100
1770810343920 0.8170509338378906 150
1770810346284 0.12163257598876953 200
1770810348474 0.22568225860595703 250
1770810350640 1.072103500366211 300
1770810352565 0.19343185424804688 350
1770810354568 0.037268638610839844 400
1770810356387 0.06697654724121094 450
1770810358267 0.24793052673339844 500
1770810360044 0.24760818481445312 550
1770810361903 0.013645172119140625 600
1770810363821 0.07298755645751953 650
1770810365532 0.007372856140136719 700
1770810367225 0.12436485290527344 750
1770810448255 0.10777473449707031 800
1770810450654 0.11328125 850
1770810452371 0.16382122039794922 900
1770810454058 0.00598907470703125 950
1770810455788 0.5961542129516602 1000
1770810457515 0.0294342041015625 1050
1770810459162 0.0028638839721679688 1100
1770810460875 0.3663959503173828 1150
1770810462528 0.007195472717285156 1200
1770810464187 0.14133834838867188 1250
1770810465935 0.47109317779541016 1300
1770810467540 0.2930412292480469 1350
1770810469142 0.1723804473876953 1400
1770810470796 0.1759777069091797 1450
1770810472414 0.11450004577636719 1500
1770810474054 0.21180248260498047 1550
1770810542141 0.0594635009765625 1600
1770810544480 0.2050914764404297 1650
1770810546232 0.006793975830078125 1700
1770810548086 0.6252870559692383 1750
1770810549755 0.13120651245117188 1800
1770810551456 0.18829822540283203 1850
1770810553076 0.17833995819091797 1900
1770810554744 0.12957191467285156 1950
1770810556409 0.02956104278564453 2000
1770810558075 0.26477909088134766 2050
1770810559834 0.1211862564086914 2100
1770810561583 0.15131378173828125 2150
1770810563257 0.09272098541259766 2200
1770810564932 0.06316661834716797 2250
1770810566600 0.1870412826538086 2300
1770810568213 0.5608339309692383 2350
1770810636938 0.2901935577392578 2400
1770810639295 0.027970314025878906 2450
1770810640911 0.02546977996826172 2500
1770810642517 0.03447532653808594 2550
1770810644137 0.8178596496582031 2600
1770810645797 0.27031803131103516 2650
1770810647440 0.12227153778076172 2700
1770810649090 0.048797607421875 2750
1770810650761 0.35628509521484375 2800
1770810652336 0.10931682586669922 2850
1770810653910 0.18884563446044922 2900
1770810655609 0.5017127990722656 2950
1770810657253 0.04009246826171875 3000
1770810658893 0.010728836059570312 3050
1770810660540 0.024026870727539062 3100
1770810662256 0.04336261749267578 3150
1770810731446 0.012598991394042969 3200
1770810733860 0.04398345947265625 3250
1770810735567 0.08419990539550781 3300
1770810737148 0.16415119171142578 3350
1770810738861 0.04552745819091797 3400
1770810740487 0.025239944458007812 3450
1770810742119 0.07012081146240234 3500
1770810743755 0.04027557373046875 3550
1770810745388 0.07508468627929688 3600
1770810747002 0.16789722442626953 3650
1770810748612 0.26342105865478516 3700
1770810750282 0.009096145629882812 3750
1770810751884 0.049752235412597656 3800
1770810753508 0.1580066680908203 3850
1770810755160 0.11393356323242188 3900
1770810756875 0.11461067199707031 3950
1770810824335 0.14305877685546875 4000
1770810826755 0.1033182144165039 4050
1770810828367 0.17228317260742188 4100
1770810829987 0.43597412109375 4150
1770810831585 0.013842582702636719 4200
1770810833292 3.4332275390625e-05 4250
1770810834915 0.03462791442871094 4300
1770810836570 0.1467885971069336 4350
1770810838271 0.028474807739257812 4400
1770810839856 0.10701370239257812 4450
1770810841446 0.02588939666748047 4500
1770810843148 0.16749286651611328 4550
1770810844795 0.14415359497070312 4600
1770810846409 0.04738140106201172 4650
1770810848122 0.030569076538085938 4700
1770810849771 0.45244884490966797 4750
1770810919185 0.1822071075439453 4800
1770810921709 0.13640117645263672 4850
1770810923351 0.07183837890625 4900
1770810925047 0.07882404327392578 4950
1770810926731 0.1522665023803711 5000
1770810928462 0.062438011169433594 5050
1770810930248 0.039376258850097656 5100
1770810932048 0.2553691864013672 5150
1770810933812 0.42809391021728516 5200
1770810935629 0.04572105407714844 5250
1770810937403 0.10351943969726562 5300
1770810939148 0.009332656860351562 5350
1770810940954 0.24598217010498047 5400
1770810942757 0.04592704772949219 5450
1770810944567 0.06719970703125 5500
1770810946280 0.06377315521240234 5550
1770811015484 0.1513814926147461 5600
1770811017911 0.0037775039672851562 5650
1770811019578 0.03947925567626953 5700
1770811021259 0.007617950439453125 5750
1770811022953 0.13194942474365234 5800
1770811024554 0.10043621063232422 5850
1770811026160 0.052974700927734375 5900
1770811027781 0.10857009887695312 5950
1770811029451 0.21264266967773438 6000
1770811031154 0.0875091552734375 6050
1770811032816 0.1413888931274414 6100
1770811034473 0.11994361877441406 6150
1770811036164 0.22874832153320312 6200
1770811037853 0.24779033660888672 6250
1770811039471 0.11033248901367188 6300
1770811041121 0.08037948608398438 6350
1770811108550 0.07002925872802734 6400
1770811111010 0.20790958404541016 6450
1770811112692 0.25026798248291016 6500
1770811114289 0.04919719696044922 6550
1770811116003 0.0666961669921875 6600
1770811117608 0.13087940216064453 6650
1770811119275 0.09332752227783203 6700
1770811120985 0.16026020050048828 6750
1770811122651 0.07108402252197266 6800
1770811124309 0.08101654052734375 6850
1770811125903 0.07964420318603516 6900
1770811127592 0.060601234436035156 6950
1770811129229 0.5833854675292969 7000
1770811130880 0.22783756256103516 7050
1770811132624 0.1144876480102539 7100
1770811134328 0.09470272064208984 7150
1770811203264 0.027887344360351562 7200
1770811205671 0.05954265594482422 7250
1770811207309 0.20238304138183594 7300
1770811208940 0.09076499938964844 7350
1770811210602 0.1550159454345703 7400
1770811212301 0.34020328521728516 7450
1770811214042 0.08843708038330078 7500
1770811215720 0.047504425048828125 7550
1770811217478 0.03379249572753906 7600
1770811219145 0.021880149841308594 7650
1770811220770 0.13436317443847656 7700
1770811222428 0.1572589874267578 7750
1770811224098 0.023225784301757812 7800
1770811225744 0.26421260833740234 7850
1770811227401 0.03874015808105469 7900
1770811229068 0.05782032012939453 7950
1770811298934 0.04469013214111328 8000
1770811301282 0.0948934555053711 8050
1770811302900 0.02750396728515625 8100
1770811304533 0.07572269439697266 8150
1770811306202 0.21254348754882812 8200
1770811307924 0.026055335998535156 8250
1770811309555 0.03086376190185547 8300
1770811311198 0.1243448257446289 8350
1770811312915 0.15536975860595703 8400
1770811314600 0.08349132537841797 8450
1770811316186 0.052872657775878906 8500
1770811317845 0.0908193588256836 8550
1770811319468 0.1157693862915039 8600
1770811321118 0.17555999755859375 8650
1770811322824 0.16061019897460938 8700
1770811324417 0.1171112060546875 8750
1770811392100 0.20072555541992188 8800
1770811394752 0.010319709777832031 8850
1770811396463 0.06385612487792969 8900
1770811398220 0.12275886535644531 8950
1770811400003 0.018074989318847656 9000
1770811401748 0.09255599975585938 9050
1770811403500 0.1705923080444336 9100
1770811405277 0.13811397552490234 9150
1770811406909 0.5782890319824219 9200
1770811408595 0.05491161346435547 9250
1770811410275 0.13984966278076172 9300
1770811412001 0.33692455291748047 9350
1770811413751 0.1679697036743164 9400
1770811415552 0.04512786865234375 9450
1770811417281 0.13695049285888672 9500
1770811419058 0.04604816436767578 9550
1770811487175 0.11563682556152344 9600
1770811489657 0.06925201416015625 9650
1770811491316 0.11610794067382812 9700
1770811493018 0.20873069763183594 9750
1770811494695 0.147674560546875 9800
1770811496372 0.09446048736572266 9850
1770811498079 0.25055694580078125 9900
1770811499673 0.13871002197265625 9950
1770811501363 0.1787242889404297 10000
1770811503003 0.02705669403076172 10050
1770811504715 0.08547687530517578 10100
1770811506415 0.15377235412597656 10150
1770811508083 0.4906949996948242 10200
1770811509772 0.026960372924804688 10250
1770811511480 0.2426738739013672 10300
1770811513178 0.05718040466308594 10350
1770811583027 0.20012760162353516 10400
1770811585512 0.02871990203857422 10450
1770811587178 0.016551971435546875 10500
1770811588836 0.06111431121826172 10550
1770811590475 0.09574604034423828 10600
1770811592131 0.03470802307128906 10650
1770811593810 0.12720775604248047 10700
1770811595447 0.4116640090942383 10750
1770811597052 0.2367696762084961 10800
1770811598723 0.03158378601074219 10850
1770811600403 0.020799636840820312 10900
1770811602080 0.23638343811035156 10950
1770811603767 0.07842350006103516 11000
1770811605431 0.014802932739257812 11050
1770811607141 0.01873779296875 11100
1770811608817 0.08309650421142578 11150
1770811676059 0.00193023681640625 11200
1770811678415 0.14780902862548828 11250
1770811680090 0.2142200469970703 11300
1770811681772 0.05462169647216797 11350
1770811683445 0.00046825408935546875 11400
1770811685087 0.22912311553955078 11450
1770811686752 0.1318187713623047 11500
1770811688383 0.13748836517333984 11550
1770811690055 0.10432624816894531 11600
1770811691745 0.0764312744140625 11650
1770811693365 0.03581714630126953 11700
1770811695070 0.0918130874633789 11750
1770811696703 0.060164451599121094 11800
1770811698315 0.11209964752197266 11850
1770811699992 0.08572196960449219 11900
1770811701671 0.13037586212158203 11950
1770811770598 0.15825939178466797 12000
1770811773079 0.09503650665283203 12050
1770811774792 0.038224220275878906 12100
1770811776439 0.12045001983642578 12150
1770811778126 0.017724990844726562 12200
1770811779814 0.13308429718017578 12250
1770811781472 0.09589672088623047 12300
1770811783108 0.22261714935302734 12350
1770811784796 0.09484672546386719 12400
1770811786489 0.1804342269897461 12450
1770811788202 0.2214202880859375 12500
1770811789907 0.15896129608154297 12550
1770811791563 0.05953216552734375 12600
1770811793245 0.00656890869140625 12650
1770811794871 0.10595893859863281 12700
1770811796545 0.05440521240234375 12750
1770811865538 0.00047588348388671875 12800
1770811867899 0.08692264556884766 12850
1770811869522 0.01201629638671875 12900
1770811871203 0.10780525207519531 12950
1770811872897 0.23030948638916016 13000
1770811874532 0.07439708709716797 13050
1770811876264 0.08144760131835938 13100
1770811877935 0.034476280212402344 13150
1770811879604 0.16640090942382812 13200
1770811881248 0.03765869140625 13250
1770811882911 0.1733102798461914 13300
1770811884621 0.00036525726318359375 13350
1770811886273 0.06314849853515625 13400
1770811887979 0.05330848693847656 13450
1770811889703 0.034544944763183594 13500
1770811891314 0.19632244110107422 13550
1770811960322 0.1276712417602539 13600
1770811962717 0.008130073547363281 13650
1770811964424 0.15897178649902344 13700
1770811966113 0.019377708435058594 13750
1770811967769 7.62939453125e-06 13800
1770811969400 0.1321258544921875 13850
1770811971012 0.24774646759033203 13900
1770811972683 0.0075531005859375 13950
1770811974399 0.07383537292480469 14000
1770811976127 0.058394432067871094 14050
1770811977777 0.08926868438720703 14100
1770811979476 0.11216259002685547 14150
1770811981127 0.03646087646484375 14200
1770811982780 0.06613922119140625 14250
1770811984404 0.03832054138183594 14300
1770811986051 0.00037479400634765625 14350
1770812054989 0.13012027740478516 14400
1770812057441 0.09878730773925781 14450
1770812059159 0.38513946533203125 14500
1770812060822 0.05755805969238281 14550
1770812062531 0.15311336517333984 14600
1770812064179 0.027862548828125 14650
1770812065888 0.30329322814941406 14700
1770812067609 0.06605339050292969 14750
1770812069300 0.03553581237792969 14800
1770812070938 0.19217872619628906 14850
1770812072675 0.011907577514648438 14900
1770812074302 0.06247138977050781 14950
1770812075975 0.037003517150878906 15000
1770812077669 0.3030414581298828 15050
1770812079358 0.07670783996582031 15100
1770812081004 0.08736419677734375 15150
1770812150041 0.014716148376464844 15200
1770812152464 0.03588390350341797 15250
1770812154226 0.0036916732788085938 15300
1770812155904 0.03192138671875 15350
1770812157660 0.12674999237060547 15400
1770812159428 0.052346229553222656 15450
1770812161083 0.18146038055419922 15500
1770812162804 0.14494609832763672 15550
1770812164490 0.22979354858398438 15600
1770812166208 0.1530284881591797 15650
1770812167970 0.0914754867553711 15700
1770812169612 0.08221721649169922 15750
1770812171294 0.49785327911376953 15800
1770812173051 0.16096878051757812 15850
1770812174724 0.04966163635253906 15900
1770812176468 0.4696369171142578 15950
1770812246188 0.14250946044921875 16000
1770812248597 0.21545982360839844 16050
1770812250227 0.3610992431640625 16100
1770812251913 0.07709217071533203 16150
1770812253649 0.0034265518188476562 16200
1770812255309 0.052295684814453125 16250
1770812256955 0.09207916259765625 16300
1770812258719 0.24527740478515625 16350
1770812260346 0.09591865539550781 16400
1770812262066 0.02731609344482422 16450
1770812263759 0.09485721588134766 16500
1770812265422 0.13380146026611328 16550
1770812267083 0.1354084014892578 16600
1770812268750 0.07605552673339844 16650
1770812270401 0.009196281433105469 16700
1770812272100 0.04585456848144531 16750
1770812344369 0.2326793670654297 16800
1770812346845 0.10483169555664062 16850
1770812348556 0.04503345489501953 16900
1770812350190 0.10044002532958984 16950
1770812351895 0.059627532958984375 17000
1770812353602 0.13809490203857422 17050
1770812355303 0.21489334106445312 17100
1770812357027 0.03605842590332031 17150
1770812358746 0.13144779205322266 17200
1770812360388 0.02597332000732422 17250
1770812362087 0.16605854034423828 17300
1770812363770 0.23754310607910156 17350
1770812365427 0.08828067779541016 17400
1770812367104 0.25014305114746094 17450
1770812368748 0.3002185821533203 17500
1770812370390 0.11284542083740234 17550
1770812439201 0.3552970886230469 17600
1770812441692 0.2133493423461914 17650
1770812443364 0.018790245056152344 17700
1770812445034 0.05731010437011719 17750
1770812446777 0.12324142456054688 17800
1770812448452 0.05824470520019531 17850
1770812450071 0.03155231475830078 17900
1770812451850 0.04598426818847656 17950
1770812453605 0.02311229705810547 18000
1770812455279 0.04840564727783203 18050
1770812456984 0.06775569915771484 18100
1770812458694 0.03052043914794922 18150
1770812460401 0.19700336456298828 18200
1770812462059 0.14535045623779297 18250
1770812463690 0.04690361022949219 18300
1770812465356 0.18659496307373047 18350
1770812534244 0.13400745391845703 18400
1770812536633 0.038064002990722656 18450
1770812538317 0.224822998046875 18500
1770812540068 0.033049583435058594 18550
1770812541752 0.06516742706298828 18600
1770812543423 0.052837371826171875 18650
1770812545132 0.0025196075439453125 18700
1770812546883 0.031780242919921875 18750
1770812548539 0.13233470916748047 18800
1770812550190 0.025720596313476562 18850
1770812551880 0.08266735076904297 18900
1770812553570 0.103424072265625 18950
1770812555238 0.04498481750488281 19000
1770812556990 0.5015134811401367 19050
1770812558717 0.0039768218994140625 19100
1770812560403 0.22293376922607422 19150
1770812629437 0.22894954681396484 19200
1770812631800 0.32772350311279297 19250
1770812633503 0.06432056427001953 19300
1770812635193 0.10825538635253906 19350
1770812636837 0.14973163604736328 19400
1770812638549 0.14462757110595703 19450
1770812640223 0.3842782974243164 19500
1770812641937 0.07547950744628906 19550
1770812643607 0.064971923828125 19600
1770812645281 0.15081024169921875 19650
1770812647003 0.2103271484375 19700
1770812648681 0.07865619659423828 19750
1770812650373 0.2976799011230469 19800
1770812652121 0.047341346740722656 19850
1770812653844 0.030176162719726562 19900
1770812655490 0.15870952606201172 19950
1770812727791 0.05041694641113281 20000
1770812730135 0.10773944854736328 20050
1770812731808 0.07317829132080078 20100
1770812733510 0.07045936584472656 20150
1770812735252 0.20133113861083984 20200
1770812736900 0.44826698303222656 20250
1770812738560 0.006161689758300781 20300
1770812740283 0.019634246826171875 20350
1770812741985 0.027624130249023438 20400
1770812743619 0.1287822723388672 20450
1770812745295 0.18772029876708984 20500
1770812747025 0.024496078491210938 20550
1770812748738 0.011690139770507812 20600
1770812750451 0.14074230194091797 20650
1770812752161 0.05063629150390625 20700
1770812753862 0.25174522399902344 20750
1770812821101 0.25560474395751953 20800
1770812823614 0.05427265167236328 20850
1770812825296 0.13547134399414062 20900
1770812826944 0.020244598388671875 20950
1770812828597 0.01848888397216797 21000
1770812830301 0.1805400848388672 21050
1770812831972 0.13810062408447266 21100
1770812833596 0.08601093292236328 21150
1770812835292 0.10659408569335938 21200
1770812836982 0.24061965942382812 21250
1770812838627 0.15054607391357422 21300
1770812840272 0.15590858459472656 21350
1770812841918 0.1594247817993164 21400
1770812843540 0.3824920654296875 21450
1770812845243 0.0017042160034179688 21500
1770812846919 0.04363059997558594 21550
1770812914265 0.02519989013671875 21600
1770812916771 0.07180213928222656 21650
1770812918547 0.3772592544555664 21700
1770812920201 0.11362552642822266 21750
1770812921870 0.4642629623413086 21800
1770812923527 0.008412361145019531 21850
1770812925265 0.06246185302734375 21900
1770812927037 0.006459236145019531 21950
1770812928750 0.0756540298461914 22000
1770812930368 0.25385189056396484 22050
1770812932063 0.1094980239868164 22100
1770812933760 0.06920909881591797 22150
1770812935388 0.04341411590576172 22200
1770812937102 0.1815176010131836 22250
1770812938791 0.0895986557006836 22300
1770812940482 0.013541221618652344 22350
1770813010270 0.23595905303955078 22400
1770813012781 0.017374038696289062 22450
1770813014473 0.046905517578125 22500
1770813016162 0.09812259674072266 22550
1770813017897 0.21425724029541016 22600
1770813019599 0.13012218475341797 22650
1770813021287 0.10972118377685547 22700
1770813022996 0.038443565368652344 22750
1770813024656 0.07188606262207031 22800
1770813026309 0.10450553894042969 22850
1770813027993 0.0011529922485351562 22900
1770813029714 0.05354118347167969 22950
1770813031392 0.08767986297607422 23000
1770813033095 0.014723777770996094 23050
1770813034766 0.1602020263671875 23100
1770813036415 0.06154632568359375 23150
1770813106188 0.20160675048828125 23200
1770813108691 0.30477046966552734 23250
1770813110361 0.05710315704345703 23300
1770813111980 0.009584426879882812 23350
1770813113726 0.15492820739746094 23400
1770813115420 0.04763221740722656 23450
1770813117153 0.06542682647705078 23500
1770813118817 0.008938789367675781 23550
1770813120520 0.05458354949951172 23600
1770813122192 0.14767169952392578 23650
1770813123886 0.16669654846191406 23700
1770813125634 0.10008907318115234 23750
1770813127305 0.04838752746582031 23800
1770813129002 0.31661128997802734 23850
1770813130683 0.010156631469726562 23900
1770813132440 0.2637643814086914 23950
1770813202207 0.03563404083251953 24000
1770813204826 0.030167579650878906 24050
1770813206512 0.09140586853027344 24100
1770813208213 0.013519287109375 24150
1770813209923 0.22520732879638672 24200
1770813211588 0.007348060607910156 24250
1770813213324 0.035277366638183594 24300
1770813214996 0.20557689666748047 24350
1770813216698 0.04992198944091797 24400
1770813218410 0.23191165924072266 24450
1770813220094 0.04870891571044922 24500
1770813221747 0.08772754669189453 24550
1770813223466 0.08045673370361328 24600
1770813225227 0.045375823974609375 24650
1770813226951 0.023212432861328125 24700
1770813228683 0.1889486312866211 24750
1770813297706 0.05513763427734375 24800
1770813300230 0.021409034729003906 24850
1770813301934 0.2599802017211914 24900
1770813303612 0.06495857238769531 24950
1770813305267 0.09967899322509766 25000
1770813306967 0.02653980255126953 25050
1770813308730 0.11504364013671875 25100
1770813310418 0.06132030487060547 25150
1770813312124 0.02464771270751953 25200
1770813313810 0.032540321350097656 25250
1770813315491 0.1301412582397461 25300
1770813317212 0.11244964599609375 25350
1770813318874 0.11636734008789062 25400
1770813320573 0.13715839385986328 25450
1770813322265 0.04445075988769531 25500
1770813323961 0.006949424743652344 25550
1770813391249 0.0800027847290039 25600
1770813393752 0.0606536865234375 25650
1770813395408 0.06822013854980469 25700
1770813397139 0.10317230224609375 25750
1770813398872 0.03472423553466797 25800
1770813400582 0.030117034912109375 25850
1770813402197 0.2057476043701172 25900
1770813403929 0.2217874526977539 25950
1770813405655 0.0056743621826171875 26000
1770813407317 0.019092559814453125 26050
1770813408984 0.16513442993164062 26100
1770813410823 0.016254425048828125 26150
1770813412507 0.077728271484375 26200
1770813414176 0.03552055358886719 26250
1770813415857 0.16639328002929688 26300
1770813417548 0.0759134292602539 26350
1770813486593 0.28510570526123047 26400
1770813489116 0.21588516235351562 26450
1770813490781 0.05524253845214844 26500
1770813492461 0.12232780456542969 26550
1770813494149 0.07548713684082031 26600
1770813495803 0.2197265625 26650
1770813497564 0.2025918960571289 26700
1770813499288 0.13313961029052734 26750
1770813500979 0.0695648193359375 26800
1770813502678 0.052783966064453125 26850
1770813504372 0.03221607208251953 26900
1770813506114 0.08428001403808594 26950
1770813507804 0.17845821380615234 27000
1770813509553 0.27458763122558594 27050
1770813511263 0.02556896209716797 27100
1770813512887 0.07198333740234375 27150
1770813581875 0.04449176788330078 27200
1770813584414 0.13248348236083984 27250
1770813586161 0.20015716552734375 27300
1770813587870 0.1265735626220703 27350
1770813589640 0.012432098388671875 27400
1770813591358 0.02499866485595703 27450
1770813593139 0.10202693939208984 27500
1770813594815 0.08462905883789062 27550
1770813596561 0.22423934936523438 27600
1770813598231 0.0856924057006836 27650
1770813599977 0.020601272583007812 27700
1770813601728 0.04787254333496094 27750
1770813603421 0.17964935302734375 27800
1770813605060 0.07932567596435547 27850
1770813606785 0.05153465270996094 27900
1770813608538 0.16480064392089844 27950
1770813677496 0.11480331420898438 28000
1770813680035 0.1965198516845703 28050
1770813681689 0.044887542724609375 28100
1770813683405 0.13921451568603516 28150
1770813685065 0.019481658935546875 28200
1770813686762 0.08208274841308594 28250
1770813688458 0.02864551544189453 28300
1770813690119 0.03887367248535156 28350
1770813691773 0.09148025512695312 28400
1770813693442 0.0796499252319336 28450
1770813695170 0.008405685424804688 28500
1770813696819 0.02471923828125 28550
1770813698544 0.08939361572265625 28600
1770813700256 0.034470558166503906 28650
1770813701952 0.06117820739746094 28700
1770813703634 0.035134315490722656 28750
1770813772500 0.23717689514160156 28800
1770813775093 0.25726985931396484 28850
1770813776784 0.08444499969482422 28900
1770813778454 0.038962364196777344 28950
1770813780188 0.1672210693359375 29000
1770813781899 0.02778911590576172 29050
1770813783593 0.02466869354248047 29100
1770813785310 0.004269599914550781 29150
1770813786994 0.1103363037109375 29200
1770813788678 0.1478872299194336 29250
1770813790345 0.20056438446044922 29300
1770813792059 0.08434391021728516 29350
1770813793781 0.3970985412597656 29400
1770813795473 0.3270721435546875 29450
1770813797155 0.12289142608642578 29500
1770813798875 0.02711772918701172 29550
1770813866212 0.1123189926147461 29600
1770813868742 0.41521263122558594 29650
1770813870410 0.002536773681640625 29700
1770813872087 0.22947978973388672 29750
1770813873842 0.1589498519897461 29800
1770813875476 0.06381702423095703 29850
1770813877140 0.05385303497314453 29900
1770813878871 0.06225013732910156 29950
1770813880669 0.24562549591064453 30000
1770813882329 0.0016336441040039062 30050
1770813884097 0.08295440673828125 30100
1770813885760 0.027953147888183594 30150
1770813887424 0.08532238006591797 30200
1770813889113 0.46836376190185547 30250
1770813890829 0.027582168579101562 30300
1770813892564 0.13194751739501953 30350
1770813960031 0.19704914093017578 30400
1770813962643 0.024461746215820312 30450
1770813964347 0.05715751647949219 30500
1770813966068 0.09298229217529297 30550
1770813967780 0.07058906555175781 30600
1770813969450 0.013705253601074219 30650
1770813971149 0.3055572509765625 30700
1770813972853 0.07215213775634766 30750
1770813974612 0.05129814147949219 30800
1770813976332 0.052887916564941406 30850
1770813978048 0.04949665069580078 30900
1770813979720 0.060479164123535156 30950
1770813981396 0.08648872375488281 31000
1770813983140 0.20243167877197266 31050
1770813984837 0.012410163879394531 31100
1770813986480 0.2899341583251953 31150
1770814055559 0.0038585662841796875 31200
1770814058091 0.029662132263183594 31250
1770814059802 0.09777355194091797 31300
1770814061494 0.03772449493408203 31350
1770814063172 0.22719192504882812 31400
1770814064923 0.1117849349975586 31450
1770814066669 0.051285743713378906 31500
1770814068435 0.06839370727539062 31550
1770814070082 0.09306907653808594 31600
1770814071791 0.021287918090820312 31650
1770814073456 0.24942779541015625 31700
1770814075166 0.0701913833618164 31750
1770814076900 0.016939163208007812 31800
1770814078613 0.20042800903320312 31850
1770814080325 0.042174339294433594 31900
1770814082046 0.4105520248413086 31950
1770814151116 0.0019702911376953125 32000
1770814153659 0.06132698059082031 32050
1770814155356 0.03452873229980469 32100
1770814157042 0.06346702575683594 32150
1770814158759 0.04595756530761719 32200
1770814160504 0.05230426788330078 32250
1770814162194 0.05581092834472656 32300
1770814163992 0.10474014282226562 32350
1770814165660 0.06679248809814453 32400
1770814167359 0.05999279022216797 32450
1770814169105 0.25639820098876953 32500
1770814170819 0.03521156311035156 32550
1770814172503 0.03201103210449219 32600
1770814174221 0.01630401611328125 32650
1770814175946 0.13817787170410156 32700
1770814177568 0.11789703369140625 32750
1770814246688 0.1603546142578125 32800
1770814249327 0.005259513854980469 32850
1770814251067 0.00629425048828125 32900
1770814252758 0.40184879302978516 32950
1770814254602 0.0549468994140625 33000
1770814256348 0.06163215637207031 33050
1770814258041 0.02807331085205078 33100
1770814259752 0.04981422424316406 33150
1770814261478 0.19662761688232422 33200
1770814263217 0.12044811248779297 33250
1770814264936 0.034137725830078125 33300
1770814266625 0.3674736022949219 33350
1770814268323 0.020972251892089844 33400
1770814270094 0.06743526458740234 33450
1770814271741 0.11409854888916016 33500
1770814273423 0.23372936248779297 33550
1770814342374 0.08420276641845703 33600
1770814344963 0.019438743591308594 33650
1770814346702 0.1296234130859375 33700
1770814348397 0.00012493133544921875 33750
1770814350128 0.11374664306640625 33800
1770814351851 0.15185928344726562 33850
1770814353568 0.0032939910888671875 33900
1770814355306 0.2504253387451172 33950
1770814356981 0.2258768081665039 34000
1770814358664 0.015067100524902344 34050
1770814360426 0.1784191131591797 34100
1770814362138 0.0667428970336914 34150
1770814363845 0.09421253204345703 34200
1770814365582 0.06076240539550781 34250
1770814367278 0.05296039581298828 34300
1770814368933 0.08055782318115234 34350
1770814438024 0.14124011993408203 34400
1770814440533 0.0007982254028320312 34450
1770814442244 0.0039310455322265625 34500
1770814443914 0.3352375030517578 34550
1770814445685 0.08719062805175781 34600
1770814447358 0.015694618225097656 34650
1770814449116 0.04296112060546875 34700
1770814450859 0.14040851593017578 34750
1770814452578 0.10889339447021484 34800
1770814454251 0.03482341766357422 34850
1770814456007 0.13203907012939453 34900
1770814457702 0.2563657760620117 34950
1770814459429 0.12758636474609375 35000
1770814461168 0.0381622314453125 35050
1770814462884 0.06941032409667969 35100
1770814464605 0.03094482421875 35150
1770814533644 0.27243900299072266 35200
1770814536155 0.0014247894287109375 35250
1770814537864 0.00797271728515625 35300
1770814539586 0.018199920654296875 35350
1770814541234 0.036876678466796875 35400
1770814542928 0.04505157470703125 35450
1770814544640 0.15833568572998047 35500
1770814546388 0.06577587127685547 35550
1770814548144 0.01742076873779297 35600
1770814549848 0.08605575561523438 35650
1770814551583 0.10083675384521484 35700
1770814553249 0.06606197357177734 35750
1770814554946 0.0008392333984375 35800
1770814556667 0.18691349029541016 35850
1770814558315 0.1303558349609375 35900
1770814560047 0.2803201675415039 35950
1770814629090 0.0955362319946289 36000
1770814631758 0.038300514221191406 36050
1770814633437 0.1434497833251953 36100
1770814635118 0.10227108001708984 36150
1770814636842 0.4359273910522461 36200
1770814638538 0.08873367309570312 36250
1770814640295 0.05463218688964844 36300
1770814642021 0.03397560119628906 36350
1770814643802 0.08107471466064453 36400
1770814645550 0.08447742462158203 36450
1770814647294 0.03837776184082031 36500
1770814649030 0.19754886627197266 36550
1770814650764 0.2049560546875 36600
1770814652483 0.1079864501953125 36650
1770814654161 0.13172245025634766 36700
1770814655893 0.032479286193847656 36750
1770814723462 0.026203155517578125 36800
1770814726032 0.1394023895263672 36850
1770814727778 0.06279373168945312 36900
1770814729494 0.004368782043457031 36950
1770814731157 0.14377784729003906 37000
1770814732854 0.005639076232910156 37050
1770814734540 0.030483245849609375 37100
1770814736209 0.1929779052734375 37150
1770814737900 0.014283180236816406 37200
1770814739670 0.041985511779785156 37250
1770814741393 0.009746551513671875 37300
1770814743093 0.06083393096923828 37350
1770814744817 0.2883491516113281 37400
1770814746515 0.14696884155273438 37450
1770814748224 0.10683917999267578 37500
1770814749938 0.26911449432373047 37550
1770814817323 0.026266098022460938 37600
1770814819768 0.01772785186767578 37650
1770814821492 0.1908283233642578 37700
1770814823178 0.0028676986694335938 37750
1770814824947 0.07257652282714844 37800
1770814826700 0.09334278106689453 37850
1770814828450 0.02589893341064453 37900
1770814830254 0.06357192993164062 37950
1770814831950 0.14345836639404297 38000
1770814833668 0.11539936065673828 38050
1770814835372 0.11127758026123047 38100
1770814837069 0.16778087615966797 38150
1770814838728 0.09541130065917969 38200
1770814840451 0.5324287414550781 38250
1770814842205 0.049462318420410156 38300
1770814843957 0.06527328491210938 38350
1770814912882 0.02063465118408203 38400
1770814915405 0.09765815734863281 38450
1770814917137 0.0032138824462890625 38500
1770814918861 0.0023593902587890625 38550
1770814920572 0.11287498474121094 38600
1770814922236 0.07744312286376953 38650
1770814924014 0.3112058639526367 38700
1770814925760 0.004733085632324219 38750
1770814927443 0.12536048889160156 38800
1770814929225 0.07501792907714844 38850
1770814930961 0.11870670318603516 38900
1770814932665 0.17131519317626953 38950
1770814934377 0.03168678283691406 39000
1770814936158 0.2011280059814453 39050
1770814937898 0.1367359161376953 39100
1770814939651 0.05465888977050781 39150
1770815008705 0.050914764404296875 39200
1770815011243 0.3934469223022461 39250
1770815012978 0.04304313659667969 39300
1770815014787 0.02352619171142578 39350
1770815016475 0.25815677642822266 39400
1770815018280 0.21768760681152344 39450
1770815020013 0.1590442657470703 39500
1770815021755 0.051003456115722656 39550
1770815023521 0.15811920166015625 39600
1770815025209 0.004151344299316406 39650
1770815026908 0.059891700744628906 39700
1770815028656 0.005026817321777344 39750
1770815030398 0.04404735565185547 39800
1770815032115 0.08414268493652344 39850
1770815033805 0.09442138671875 39900
1770815035519 0.052417755126953125 39950
1770815105381 0.1171407699584961 40000
1770815107988 0.19035720825195312 40050
1770815109740 0.04299736022949219 40100
1770815111460 0.032639503479003906 40150
1770815113296 0.26900196075439453 40200
1770815114962 0.15442371368408203 40250
1770815116656 0.1129302978515625 40300
1770815118404 0.0018739700317382812 40350
1770815120136 0.17369365692138672 40400
1770815121919 0.25130748748779297 40450
1770815123637 0.15285491943359375 40500
1770815125319 0.0063114166259765625 40550
1770815127057 0.10939598083496094 40600
1770815128844 0.05908966064453125 40650
1770815130576 0.20099735260009766 40700
1770815132279 0.11304855346679688 40750
1770815202054 0.02032756805419922 40800
1770815204743 0.06006145477294922 40850
1770815206575 0.05157279968261719 40900
1770815208355 0.06091117858886719 40950
1770815210136 0.32454967498779297 41000
1770815211914 0.052557945251464844 41050
1770815213745 0.11333274841308594 41100
1770815215623 0.32190608978271484 41150
1770815217503 0.1261758804321289 41200
1770815219323 0.10571670532226562 41250
1770815221126 0.013499259948730469 41300
1770815222969 0.21601581573486328 41350
1770815224699 0.009760856628417969 41400
1770815226514 0.01892852783203125 41450
1770815228269 0.015416145324707031 41500
1770815230009 0.05498790740966797 41550
1770815302344 0.1191244125366211 41600
1770815304854 0.010357856750488281 41650
1770815306657 0.004058837890625 41700
1770815308380 0.03513526916503906 41750
1770815310113 0.08195304870605469 41800
1770815311806 0.056568145751953125 41850
1770815313518 0.2569007873535156 41900
1770815315270 0.08854389190673828 41950
1770815316945 0.07126903533935547 42000
1770815318673 0.0032148361206054688 42050
1770815320407 0.07446479797363281 42100
1770815322127 0.03328895568847656 42150
1770815323869 0.04955101013183594 42200
1770815325588 0.039875030517578125 42250
1770815327296 0.038417816162109375 42300
1770815329012 0.07970142364501953 42350
1770815398050 0.01996612548828125 42400
1770815400677 0.03275871276855469 42450
1770815402391 0.1179962158203125 42500
1770815404126 0.0069980621337890625 42550
1770815405859 0.0032567977905273438 42600
1770815407563 0.07748031616210938 42650
1770815409268 0.03676033020019531 42700
1770815411005 0.038229942321777344 42750
1770815412725 0.30681324005126953 42800
1770815414462 0.028894424438476562 42850
1770815416234 0.22170257568359375 42900
1770815417948 0.20255279541015625 42950
1770815419677 0.12236213684082031 43000
1770815421413 0.11021995544433594 43050
1770815423111 0.15512371063232422 43100
1770815424836 0.09646320343017578 43150
1770815497022 0.05473136901855469 43200
1770815499611 0.30033397674560547 43250
1770815501314 0.14802074432373047 43300
1770815503025 0.025366783142089844 43350
1770815504772 0.05121040344238281 43400
1770815506515 0.11191749572753906 43450
1770815508201 0.20576190948486328 43500
1770815509911 0.009909629821777344 43550
1770815511632 0.04496955871582031 43600
1770815513379 0.25684070587158203 43650
1770815515152 0.2038564682006836 43700
1770815516849 0.09151744842529297 43750
1770815518579 0.11948013305664062 43800
1770815520301 0.15791702270507812 43850
1770815521983 0.08743953704833984 43900
1770815523671 0.02007770538330078 43950
1770815592753 0.04262828826904297 44000
1770815595337 0.011941909790039062 44050
1770815597094 0.020064353942871094 44100
1770815598771 0.025165557861328125 44150
1770815600516 0.07608318328857422 44200
1770815602193 0.137481689453125 44250
1770815603883 0.0863656997680664 44300
1770815605595 0.031426429748535156 44350
1770815607311 0.07474040985107422 44400
1770815609061 0.056044578552246094 44450
1770815610823 0.02152729034423828 44500
1770815612530 0.01044464111328125 44550
1770815614237 0.05899810791015625 44600
1770815616018 0.050551414489746094 44650
1770815617766 0.01807880401611328 44700
1770815619500 0.15181922912597656 44750
1770815686869 0.10532951354980469 44800
1770815689465 0.11289691925048828 44850
1770815691200 0.034821510314941406 44900
1770815692933 0.0266265869140625 44950
1770815694662 0.013202667236328125 45000
1770815696419 0.1793689727783203 45050
1770815698225 0.02508544921875 45100
1770815699925 0.024440765380859375 45150
1770815701593 0.06586837768554688 45200
1770815703305 0.01824474334716797 45250
1770815705077 0.08280467987060547 45300
1770815706786 0.05455207824707031 45350
1770815708544 0.04155540466308594 45400
1770815710278 0.10382747650146484 45450
1770815712038 0.03034210205078125 45500
1770815713774 0.0466766357421875 45550
1770815782748 0.07931995391845703 45600
1770815785335 0.05490589141845703 45650
1770815787109 0.0707254409790039 45700
1770815788782 0.10595512390136719 45750
1770815790456 0.04540443420410156 45800
1770815792224 0.19987106323242188 45850
1770815793945 0.18603038787841797 45900
1770815795752 0.02300548553466797 45950
1770815797500 0.016231536865234375 46000
1770815799212 0.014720916748046875 46050
1770815800946 0.059731483459472656 46100
1770815802708 0.09551429748535156 46150
1770815804437 0.17451095581054688 46200
1770815806210 0.10656070709228516 46250
1770815807937 0.015591621398925781 46300
1770815809697 0.30996227264404297 46350
1770815881964 0.09553337097167969 46400
1770815884504 0.18191242218017578 46450
1770815886303 0.010317802429199219 46500
1770815887992 0.08836078643798828 46550
1770815889700 0.019800186157226562 46600
1770815891460 0.06052970886230469 46650
1770815893220 0.08048057556152344 46700
1770815895023 0.10670757293701172 46750
1770815896725 0.018645286560058594 46800
1770815898451 0.107086181640625 46850
1770815900185 0.0424652099609375 46900
1770815901886 0.2977714538574219 46950
1770815903738 0.111083984375 47000
1770815905524 0.16330909729003906 47050
1770815907254 0.03427696228027344 47100
1770815908988 0.20890426635742188 47150
1770815978027 0.03144264221191406 47200
1770815980575 0.14525318145751953 47250
1770815982306 0.16472530364990234 47300
1770815984042 0.037609100341796875 47350
1770815985801 0.026308059692382812 47400
1770815987596 0.007747650146484375 47450
1770815989278 0.0026702880859375 47500
1770815991004 0.0118255615234375 47550
1770815992697 0.16617393493652344 47600
1770815994461 0.1171722412109375 47650
1770815996186 0.057501792907714844 47700
1770815997905 0.0067005157470703125 47750
1770815999567 0.07459545135498047 47800
1770816001344 0.11555290222167969 47850
1770816003049 0.40798473358154297 47900
1770816004817 0.16902542114257812 47950
1770816073831 0.012618064880371094 48000
1770816076398 0.25333404541015625 48050
1770816078174 0.12186813354492188 48100
1770816079989 0.011708259582519531 48150
1770816081711 0.038475990295410156 48200
1770816083426 0.16094398498535156 48250
1770816085180 0.15250492095947266 48300
1770816087000 0.07129764556884766 48350
1770816088667 0.05828857421875 48400
1770816090412 0.09116935729980469 48450
1770816092150 0.10701942443847656 48500
1770816093891 0.14703655242919922 48550
1770816095633 0.02456378936767578 48600
1770816097394 0.00423431396484375 48650
1770816099081 0.004336357116699219 48700
1770816100783 0.09340572357177734 48750
1770816169878 0.0433197021484375 48800
1770816172400 0.15880298614501953 48850
1770816174156 0.04186439514160156 48900
1770816175863 0.02395153045654297 48950
1770816177579 0.0086517333984375 49000
1770816179294 0.3510551452636719 49050
1770816181001 0.15500736236572266 49100
1770816182761 0.009343147277832031 49150
1770816184483 0.07175827026367188 49200
1770816186176 0.16230201721191406 49250
1770816187898 0.0008974075317382812 49300
1770816189679 0.005190849304199219 49350
1770816191383 0.2662782669067383 49400
1770816193252 0.10477066040039062 49450
1770816194998 0.0001373291015625 49500
1770816196785 0.041922569274902344 49550
1770816265861 0.15885353088378906 49600
1770816268460 0.18536949157714844 49650
1770816270162 0.09511852264404297 49700
1770816271940 0.07630634307861328 49750
1770816273795 0.07890796661376953 49800
1770816275526 0.23053741455078125 49850
1770816277222 0.015292167663574219 49900
1770816278983 0.10997200012207031 49950
1770816280651 0.021689414978027344 50000
1770816282434 0.19729995727539062 50050
1770816284202 0.09118843078613281 50100
1770816285964 0.1337261199951172 50150
1770816287742 0.20290374755859375 50200
1770816289498 0.0006046295166015625 50250
1770816291201 0.008856773376464844 50300
1770816292971 0.05252552032470703 50350
1770816362031 0.2552480697631836 50400
1770816364663 0.22194480895996094 50450
1770816366410 0.033206939697265625 50500
1770816368200 0.08974456787109375 50550
1770816369910 0.018129348754882812 50600
1770816371608 0.04264354705810547 50650
1770816373419 0.196868896484375 50700
1770816375188 0.040283203125 50750
1770816376986 0.13994884490966797 50800
1770816378680 0.027376174926757812 50850
1770816380406 0.031363487243652344 50900
1770816382118 0.13167190551757812 50950
1770816383851 0.09241390228271484 51000
1770816385581 0.19251632690429688 51050
1770816387379 0.031273841857910156 51100
1770816389125 0.1856698989868164 51150
1770816458376 0.25939178466796875 51200
1770816460808 0.1661052703857422 51250
1770816462589 0.0006628036499023438 51300
1770816464289 0.1245718002319336 51350
1770816466068 0.09694957733154297 51400
1770816467884 0.07744026184082031 51450
1770816469593 0.06745052337646484 51500
1770816471388 0.0526275634765625 51550
1770816473104 0.141357421875 51600
1770816474876 0.007106781005859375 51650
1770816476627 0.1713094711303711 51700
1770816478370 0.04221057891845703 51750
1770816480109 0.1916828155517578 51800
1770816481856 0.04814624786376953 51850
1770816483590 0.23052120208740234 51900
1770816485321 0.264434814453125 51950
1770816554492 0.03207111358642578 52000
1770816557045 0.34971141815185547 52050
1770816558770 0.02917003631591797 52100
1770816560541 0.1840839385986328 52150
1770816562362 0.0969400405883789 52200
1770816564014 0.1645984649658203 52250
1770816565697 0.1428813934326172 52300
1770816567450 0.21469593048095703 52350
1770816569181 0.05025768280029297 52400
1770816570928 0.29058170318603516 52450
1770816572701 0.16135501861572266 52500
1770816574400 0.04881763458251953 52550
1770816576175 0.03159904479980469 52600
1770816577932 0.07752513885498047 52650
1770816579620 0.204315185546875 52700
1770816581358 0.031594276428222656 52750
1770816653557 0.3012552261352539 52800
1770816656196 0.28707408905029297 52850
1770816657917 0.2706613540649414 52900
1770816659609 0.01998138427734375 52950
1770816661407 0.01494598388671875 53000
1770816663130 0.29090309143066406 53050
1770816664873 0.047339439392089844 53100
1770816666676 0.03982830047607422 53150
1770816668395 0.0006532669067382812 53200
1770816670108 0.0021982192993164062 53250
1770816671937 0.06926822662353516 53300
1770816673700 0.028832435607910156 53350
1770816675412 0.06921195983886719 53400
1770816677236 0.037598609924316406 53450
1770816679040 0.07864189147949219 53500
1770816680801 0.14593124389648438 53550
1770816748248 0.3369865417480469 53600
1770816750806 0.022225379943847656 53650
1770816752628 0.08735179901123047 53700
1770816754403 0.1372394561767578 53750
1770816756141 0.0024652481079101562 53800
1770816757907 0.11867713928222656 53850
1770816759663 0.02408313751220703 53900
1770816761437 0.02597332000732422 53950
1770816763188 0.05418205261230469 54000
1770816764904 0.10350894927978516 54050
1770816766710 0.0008573532104492188 54100
1770816768408 0.15114498138427734 54150
1770816770196 0.054924964904785156 54200
1770816772050 0.014791488647460938 54250
1770816773794 0.040991783142089844 54300
1770816775538 0.07189369201660156 54350
1770816844562 0.044112205505371094 54400
1770816847162 0.04707622528076172 54450
1770816848856 0.0030088424682617188 54500
1770816850591 0.011152267456054688 54550
1770816852370 0.1396923065185547 54600
1770816854185 0.08060550689697266 54650
1770816855896 0.1607198715209961 54700
1770816857657 0.2536659240722656 54750
1770816859388 0.1988067626953125 54800
1770816861058 0.1573495864868164 54850
1770816862798 0.17037010192871094 54900
1770816864555 0.0970926284790039 54950
1770816866314 0.1330852508544922 55000
1770816868065 0.07129096984863281 55050
1770816869756 0.0006361007690429688 55100
1770816871501 0.032787322998046875 55150
1770816940526 0.19443607330322266 55200
1770816943094 0.09912872314453125 55250
1770816944844 0.00164031982421875 55300
1770816946568 0.1678609848022461 55350
1770816948377 0.1600799560546875 55400
1770816950227 0.11385154724121094 55450
1770816951993 0.17432117462158203 55500
1770816953841 0.18779659271240234 55550
1770816955647 0.18861103057861328 55600
1770816957494 0.013429641723632812 55650
1770816959276 0.1183004379272461 55700
1770816961127 0.1378192901611328 55750
1770816962840 0.13212871551513672 55800
1770816964584 0.1546916961669922 55850
1770816966366 0.1647510528564453 55900
1770816968055 0.36078453063964844 55950
1770817038094 0.028542518615722656 56000
1770817040732 0.10489177703857422 56050
1770817042554 0.046044349670410156 56100
1770817044275 0.2243671417236328 56150
1770817046048 0.02667236328125 56200
1770817047787 0.15962791442871094 56250
1770817049471 0.005523681640625 56300
1770817051235 0.3520803451538086 56350
1770817052981 0.35090160369873047 56400
1770817054719 0.009863853454589844 56450
1770817056578 0.04623126983642578 56500
1770817058332 0.008517265319824219 56550
1770817060053 0.17916107177734375 56600
1770817061873 0.09464168548583984 56650
1770817063608 0.007511138916015625 56700
1770817065331 0.16672039031982422 56750
1770817134391 0.04326629638671875 56800
1770817137028 0.07497978210449219 56850
1770817138818 0.09555721282958984 56900
1770817140508 0.03573131561279297 56950
1770817142241 0.21001911163330078 57000
1770817144035 0.07715511322021484 57050
1770817145781 0.12282657623291016 57100
1770817147532 0.07720184326171875 57150
1770817149369 0.06003570556640625 57200
1770817151069 0.16677474975585938 57250
1770817152823 0.2124338150024414 57300
1770817154523 0.19688987731933594 57350
1770817156247 0.004984855651855469 57400
1770817158031 0.1326923370361328 57450
1770817159758 0.0758962631225586 57500
1770817161559 0.08892536163330078 57550
1770817231423 0.20733356475830078 57600
1770817234039 0.15689754486083984 57650
1770817235807 0.12278556823730469 57700
1770817237476 0.07381153106689453 57750
1770817239248 0.1408834457397461 57800
1770817241043 0.1428823471069336 57850
1770817242792 0.10589408874511719 57900
1770817244604 0.015008926391601562 57950
1770817246285 0.1173696517944336 58000
1770817247995 0.10203933715820312 58050
1770817249750 0.110198974609375 58100
1770817251405 0.12542724609375 58150
1770817253117 0.04866218566894531 58200
1770817254977 0.024160385131835938 58250
1770817256712 0.09792900085449219 58300
1770817258459 0.30919742584228516 58350
1770817326069 0.006984710693359375 58400
1770817328596 0.18398761749267578 58450
1770817330310 0.4528923034667969 58500
1770817332058 0.11409187316894531 58550
1770817333824 0.1252756118774414 58600
1770817335579 0.1623983383178711 58650
1770817337330 0.06517219543457031 58700
1770817339162 0.11715507507324219 58750
1770817340882 0.19581222534179688 58800
1770817342660 0.04849815368652344 58850
1770817344417 0.011054039001464844 58900
1770817346202 0.1596670150756836 58950
1770817347910 0.0907602310180664 59000
1770817349672 0.10853195190429688 59050
1770817351403 0.10128593444824219 59100
1770817353111 0.3115243911743164 59150
1770817422957 0.05618858337402344 59200
1770817425486 0.08048152923583984 59250
1770817427216 0.2434377670288086 59300
1770817428949 0.015885353088378906 59350
1770817430701 0.11137866973876953 59400
1770817432477 0.05756378173828125 59450
1770817434242 0.013699531555175781 59500
1770817436039 0.12107086181640625 59550
1770817437799 0.06542205810546875 59600
1770817439573 0.08269119262695312 59650
1770817441327 0.0028362274169921875 59700
1770817443045 0.023960113525390625 59750
1770817444783 0.1360769271850586 59800
1770817446591 0.0024499893188476562 59850
1770817448316 0.06510353088378906 59900
1770817450023 0.1533489227294922 59950
1770817519157 0.01218414306640625 60000
1770817521701 0.0758209228515625 60050
1770817523486 0.0091552734375 60100
1770817525198 0.08458995819091797 60150
1770817526949 0.1177520751953125 60200
1770817528706 0.12395954132080078 60250
1770817530509 0.10917091369628906 60300
1770817532278 0.024021148681640625 60350
1770817534053 0.09857845306396484 60400
1770817535748 0.0025806427001953125 60450
1770817537516 0.09066581726074219 60500
1770817539267 0.030504226684570312 60550
1770817541066 0.10327720642089844 60600
1770817542893 0.09194374084472656 60650
1770817544648 0.16135120391845703 60700
1770817546447 0.0837545394897461 60750
1770817618717 0.10193443298339844 60800
1770817621346 0.05739307403564453 60850
1770817623029 0.18421173095703125 60900
1770817624733 0.17242050170898438 60950
1770817626620 0.03860282897949219 61000
1770817628353 0.03627490997314453 61050
1770817630110 0.08860301971435547 61100
1770817631867 0.05968952178955078 61150
1770817633661 0.053923606872558594 61200
1770817635418 0.18098068237304688 61250
1770817637233 0.04516410827636719 61300
1770817638930 0.07476234436035156 61350
1770817640659 0.040187835693359375 61400
1770817642436 0.0015668869018554688 61450
1770817644173 0.05679607391357422 61500
1770817645908 0.04551982879638672 61550
1770817713504 0.06901836395263672 61600
1770817716067 0.07928180694580078 61650
1770817717819 0.0077838897705078125 61700
1770817719746 0.2743253707885742 61750
1770817721600 0.05468463897705078 61800
1770817723395 0.11306476593017578 61850
1770817725181 0.06011676788330078 61900
1770817726963 0.008672714233398438 61950
1770817728740 0.0689849853515625 62000
1770817730534 0.1313467025756836 62050
1770817732274 0.08116436004638672 62100
1770817734095 0.12022590637207031 62150
1770817735904 0.029068946838378906 62200
1770817737692 0.13533687591552734 62250
1770817739418 0.059731483459472656 62300
1770817741156 0.10354328155517578 62350
1770817810167 0.05887126922607422 62400
1770817812863 0.17154693603515625 62450
1770817814613 0.08051681518554688 62500
1770817816420 0.225006103515625 62550
1770817818245 0.10103797912597656 62600
1770817820028 0.04974937438964844 62650
1770817821816 0.0830678939819336 62700
1770817823605 0.13047313690185547 62750
1770817825344 0.03661918640136719 62800
1770817827106 0.1164398193359375 62850
1770817828902 0.02956867218017578 62900
1770817830745 0.00278472900390625 62950
1770817832489 0.003970146179199219 63000
1770817834316 0.09377670288085938 63050
1770817836072 0.09254074096679688 63100
1770817837894 0.14786529541015625 63150
1770817907058 0.10827827453613281 63200
1770817909605 0.4850940704345703 63250
1770817911346 0.029474258422851562 63300
1770817913087 0.10057544708251953 63350
1770817914894 0.25624561309814453 63400
1770817916653 0.334197998046875 63450
1770817918376 0.05190849304199219 63500
1770817920162 0.06198883056640625 63550
1770817921896 0.12565135955810547 63600
1770817923638 0.01512908935546875 63650
1770817925362 0.07702255249023438 63700
1770817927146 0.1561260223388672 63750
1770817928956 0.11394691467285156 63800
1770817930720 0.09188556671142578 63850
1770817932532 0.046248435974121094 63900
1770817934332 0.022131919860839844 63950
1770818006631 0.14687442779541016 64000
1770818009376 0.10007476806640625 64050
1770818011201 0.008678436279296875 64100
1770818013018 0.04333686828613281 64150
1770818014827 0.04283905029296875 64200
1770818016643 0.2313995361328125 64250
1770818018381 0.10346221923828125 64300
1770818020151 0.08368873596191406 64350
1770818021917 0.21430110931396484 64400
1770818023678 0.17445945739746094 64450
1770818025465 0.4099569320678711 64500
1770818027302 0.031978607177734375 64550
1770818029011 0.005580902099609375 64600
1770818030815 0.09273529052734375 64650
1770818032589 0.11994266510009766 64700
1770818034327 0.017693519592285156 64750
1770818105482 0.0903615951538086 64800
1770818108137 0.08003711700439453 64850
1770818109954 0.23337078094482422 64900
1770818111717 0.0127716064453125 64950
1770818113507 0.15659141540527344 65000
1770818115280 0.06991195678710938 65050
1770818117043 0.028636932373046875 65100
1770818118775 0.03788471221923828 65150
1770818120536 0.005312919616699219 65200
1770818122289 0.07224655151367188 65250
1770818124052 0.1070108413696289 65300
1770818125846 0.020513534545898438 65350
1770818127595 0.03534221649169922 65400
1770818129434 0.0031881332397460938 65450
1770818131206 0.01677227020263672 65500
1770818133091 0.31408023834228516 65550
1770818205662 0.01818084716796875 65600
1770818208233 0.13625335693359375 65650
1770818210034 0.1388254165649414 65700
1770818211824 0.0023670196533203125 65750
1770818213611 0.05927276611328125 65800
1770818215380 0.25852489471435547 65850
1770818217094 0.1967458724975586 65900
1770818218848 0.08827972412109375 65950
1770818220674 0.03928375244140625 66000
1770818222417 0.20961570739746094 66050
1770818224172 0.14489364624023438 66100
1770818225952 0.015201568603515625 66150
1770818227747 0.00019550323486328125 66200
1770818229571 0.07162284851074219 66250
1770818231367 0.14625930786132812 66300
1770818233107 0.09607219696044922 66350
1770818302318 0.02013397216796875 66400
1770818304921 0.03246116638183594 66450
1770818306717 0.05661582946777344 66500
1770818308564 0.19159793853759766 66550
1770818310351 0.08580875396728516 66600
1770818312133 0.028141021728515625 66650
1770818313850 0.004532814025878906 66700
1770818315611 0.07455158233642578 66750
1770818317347 0.019098281860351562 66800
1770818319127 0.04902172088623047 66850
1770818320882 0.13753223419189453 66900
1770818322564 0.19055652618408203 66950
1770818324332 0.048351287841796875 67000
1770818326075 0.15790462493896484 67050
1770818327811 0.21460819244384766 67100
1770818329557 0.05450439453125 67150
1770818398683 0.004107475280761719 67200
1770818401396 0.02201080322265625 67250
1770818403207 0.0159149169921875 67300
1770818405007 0.21517562866210938 67350
1770818406944 0.08812713623046875 67400
1770818408688 0.15430736541748047 67450
1770818410445 0.03635120391845703 67500
1770818412203 0.07649421691894531 67550
1770818413947 0.02748394012451172 67600
1770818415741 0.053086280822753906 67650
1770818417513 0.053829193115234375 67700
1770818419315 0.0013780593872070312 67750
1770818421034 0.11039543151855469 67800
1770818422787 0.0008373260498046875 67850
1770818424547 0.05803203582763672 67900
1770818426292 0.0016412734985351562 67950
1770818495545 0.0640716552734375 68000
1770818498234 0.16917705535888672 68050
1770818499980 0.032573699951171875 68100
1770818501755 0.2448873519897461 68150
1770818503544 0.07048416137695312 68200
1770818505312 0.08006954193115234 68250
1770818507128 0.1917438507080078 68300
1770818508915 0.05726337432861328 68350
1770818510744 0.05090808868408203 68400
1770818512613 0.018822669982910156 68450
1770818514411 0.03902435302734375 68500
1770818516153 0.07557392120361328 68550
1770818517938 0.08290481567382812 68600
1770818519748 0.15099811553955078 68650
1770818521510 0.35509777069091797 68700
1770818523197 0.09033489227294922 68750
1770818595575 0.01610088348388672 68800
1770818598202 0.029058456420898438 68850
1770818599972 0.06030559539794922 68900
1770818601674 0.13556861877441406 68950
1770818603503 0.12762451171875 69000
1770818605355 0.04687309265136719 69050
1770818607109 0.1938161849975586 69100
1770818608943 0.1462717056274414 69150
1770818610674 0.18066787719726562 69200
1770818612443 0.0036001205444335938 69250
1770818614216 0.011789321899414062 69300
1770818616029 0.020186424255371094 69350
1770818617768 0.011321067810058594 69400
1770818619535 0.03610801696777344 69450
1770818621247 0.06408977508544922 69500
1770818623022 0.23218631744384766 69550
1770818695428 0.10518741607666016 69600
1770818698179 0.03837013244628906 69650
1770818699966 0.05715751647949219 69700
1770818701813 0.1331310272216797 69750
1770818703618 0.061946868896484375 69800
1770818705335 0.0884246826171875 69850
1770818707083 0.19699382781982422 69900
1770818708944 0.0897989273071289 69950
1770818710722 0.14787864685058594 70000
1770818712473 0.29264259338378906 70050
1770818714326 0.19605636596679688 70100
1770818716129 0.06278800964355469 70150
1770818717893 0.02850627899169922 70200
1770818719661 0.15528011322021484 70250
1770818721432 0.057769775390625 70300
1770818723180 0.14844989776611328 70350
1770818792420 0.08625316619873047 70400
1770818795127 0.0035715103149414062 70450
1770818796880 0.1427288055419922 70500
1770818798617 0.0924978256225586 70550
1770818800407 0.24999427795410156 70600
1770818802184 0.08813190460205078 70650
1770818803943 0.033858299255371094 70700
1770818805778 0.08440399169921875 70750
1770818807583 0.11881542205810547 70800
1770818809322 0.05707550048828125 70850
1770818811158 0.10153961181640625 70900
1770818812939 0.11111640930175781 70950
1770818814692 0.1910076141357422 71000
1770818816474 0.4570589065551758 71050
1770818818165 0.03399181365966797 71100
1770818820066 0.03593635559082031 71150
1770818889208 0.22295188903808594 71200
1770818891771 0.0027179718017578125 71250
1770818893617 0.03943920135498047 71300
1770818895374 0.09185123443603516 71350
1770818897192 0.031017303466796875 71400
1770818898947 0.020155906677246094 71450
1770818900764 0.09824562072753906 71500
1770818902572 0.2786750793457031 71550
1770818904297 0.010737419128417969 71600
1770818906069 0.5001974105834961 71650
1770818907845 0.10372543334960938 71700
1770818909608 0.043442726135253906 71750
1770818911359 0.032978057861328125 71800
1770818913127 0.01207733154296875 71850
1770818914932 0.06990623474121094 71900
1770818916735 0.1064004898071289 71950
1770818989147 0.1252307891845703 72000
1770818991740 0.10941314697265625 72050
1770818993538 0.038941383361816406 72100
1770818995369 0.06980419158935547 72150
1770818997193 0.09456539154052734 72200
1770818998955 0.07596588134765625 72250
1770819000744 0.011287689208984375 72300
1770819002506 0.022109031677246094 72350
1770819004295 0.08603382110595703 72400
1770819006090 0.021532058715820312 72450
1770819007897 0.09960746765136719 72500
1770819009724 0.1403636932373047 72550
1770819011486 0.18960857391357422 72600
1770819013335 0.0028696060180664062 72650
1770819015103 0.2680683135986328 72700
1770819016898 0.0856313705444336 72750
1770819089202 0.01717662811279297 72800
1770819091841 0.022634506225585938 72850
1770819093607 0.030111312866210938 72900
1770819095387 0.07618522644042969 72950
1770819097211 0.05488109588623047 73000
1770819099026 0.11565494537353516 73050
1770819100802 0.04375267028808594 73100
1770819102555 0.2020864486694336 73150
1770819104373 0.20777225494384766 73200
1770819106275 0.20134449005126953 73250
1770819108081 0.05218315124511719 73300
1770819109925 0.13156795501708984 73350
1770819111708 0.04215049743652344 73400
1770819113551 0.010776519775390625 73450
1770819115332 0.0014390945434570312 73500
1770819117106 0.0692596435546875 73550
1770819189476 0.013925552368164062 73600
1770819192114 0.25968170166015625 73650
1770819193854 0.025892257690429688 73700
1770819195573 0.2146282196044922 73750
1770819197439 0.04507637023925781 73800
1770819199306 0.14001941680908203 73850
1770819201034 0.0980386734008789 73900
1770819202861 0.0030050277709960938 73950
1770819204674 0.03084850311279297 74000
1770819206458 0.042901039123535156 74050
1770819208232 0.08819580078125 74100
1770819209981 0.048793792724609375 74150
1770819211729 0.05454063415527344 74200
1770819213611 0.2185649871826172 74250
1770819215454 0.1555156707763672 74300
1770819217243 0.014980316162109375 74350
1770819286370 0.04259204864501953 74400
1770819289073 0.1920795440673828 74450
1770819290871 0.18300247192382812 74500
1770819292689 0.018509864807128906 74550
1770819294528 0.0349578857421875 74600
1770819296358 0.1297006607055664 74650
1770819298116 0.1649637222290039 74700
1770819299870 0.032649993896484375 74750
1770819301752 0.11812305450439453 74800
1770819303542 0.05435466766357422 74850
1770819305331 0.011096000671386719 74900
1770819307170 0.12066364288330078 74950
1770819308955 0.025133132934570312 75000
1770819310758 0.012540817260742188 75050
1770819312526 0.00044727325439453125 75100
1770819314443 0.012261390686035156 75150
1770819383645 0.28362560272216797 75200
1770819386108 0.1404104232788086 75250
1770819387925 0.06912899017333984 75300
1770819389744 0.01869487762451172 75350
1770819391543 0.048175811767578125 75400
1770819393306 0.011484146118164062 75450
1770819395036 0.19642162322998047 75500
1770819396823 0.1523609161376953 75550
1770819398621 0.031475067138671875 75600
1770819400393 0.09781265258789062 75650
1770819402122 0.13083648681640625 75700
1770819403921 0.1970043182373047 75750
1770819405718 0.2003612518310547 75800
1770819407530 0.053867340087890625 75850
1770819409314 0.11361980438232422 75900
1770819411074 0.05528545379638672 75950
1770819480201 0.11019420623779297 76000
1770819482842 0.06598567962646484 76050
1770819484619 0.016119956970214844 76100
1770819486365 0.22543907165527344 76150
1770819488160 0.2305135726928711 76200
1770819489923 0.1026906967163086 76250
1770819491685 0.031226158142089844 76300
1770819493531 0.07928466796875 76350
1770819495300 0.013609886169433594 76400
1770819497087 0.16925334930419922 76450
1770819498832 0.02262115478515625 76500
1770819500666 0.040401458740234375 76550
1770819502444 0.016889572143554688 76600
1770819504242 0.04780864715576172 76650
1770819506058 0.04729652404785156 76700
1770819507804 0.029104232788085938 76750
1770819577712 7.2479248046875e-05 76800
1770819580377 0.23062801361083984 76850
1770819582236 0.2551240921020508 76900
1770819584130 0.009951591491699219 76950
1770819585962 0.03475189208984375 77000
1770819587868 0.04603767395019531 77050
1770819589693 0.014769554138183594 77100
1770819591488 0.030030250549316406 77150
1770819593292 0.02444171905517578 77200
1770819595046 0.07294368743896484 77250
1770819596849 0.03614330291748047 77300
1770819598601 0.16780567169189453 77350
1770819600439 0.10420989990234375 77400
1770819602219 0.3330650329589844 77450
1770819604067 0.20204544067382812 77500
1770819605882 0.053450584411621094 77550
1770819675031 0.020235061645507812 77600
1770819677721 0.0797109603881836 77650
1770819679560 0.28365612030029297 77700
1770819681385 0.22900390625 77750
1770819683141 0.1601858139038086 77800
1770819684882 0.22641658782958984 77850
1770819686687 0.11809253692626953 77900
1770819688446 0.12345218658447266 77950
1770819690265 0.016199111938476562 78000
1770819692064 0.37130165100097656 78050
1770819693897 0.061527252197265625 78100
1770819695677 0.021863937377929688 78150
1770819697483 0.06676006317138672 78200
1770819699249 0.28809261322021484 78250
1770819700997 0.1765766143798828 78300
1770819702766 0.20151138305664062 78350
1770819771979 0.05095195770263672 78400
1770819774681 0.3253049850463867 78450
1770819776512 0.2332134246826172 78500
1770819778302 0.014499664306640625 78550
1770819780143 0.1041107177734375 78600
1770819781931 0.01569843292236328 78650
1770819783708 0.028619766235351562 78700
1770819785615 0.2621603012084961 78750
1770819787397 0.06584739685058594 78800
1770819789185 0.12085628509521484 78850
1770819790974 0.05436897277832031 78900
1770819792776 0.06677627563476562 78950
1770819794587 0.11777400970458984 79000
1770819796495 0.11167335510253906 79050
1770819798307 0.31285953521728516 79100
1770819800121 0.0389251708984375 79150
1770819869305 0.04762744903564453 79200
1770819871919 0.07364940643310547 79250
1770819873732 0.06692981719970703 79300
1770819875555 0.20831775665283203 79350
1770819877357 0.14239025115966797 79400
1770819879085 0.15560340881347656 79450
1770819880885 0.028143882751464844 79500
1770819882756 0.0143585205078125 79550
1770819884600 0.17467880249023438 79600
1770819886358 0.09994125366210938 79650
1770819888235 0.0038814544677734375 79700
1770819889972 0.09071540832519531 79750
1770819891733 0.06290721893310547 79800
1770819893525 0.18654155731201172 79850
1770819895275 0.07973575592041016 79900
1770819897007 0.05937671661376953 79950
1770819966155 0.07520103454589844 80000
1770819968759 0.15987777709960938 80050
1770819970594 0.08829784393310547 80100
1770819972403 0.028548240661621094 80150
1770819974194 0.04594707489013672 80200
1770819976061 0.046905517578125 80250
1770819977838 0.31472206115722656 80300
1770819979691 0.09590435028076172 80350
1770819981482 0.0008039474487304688 80400
1770819983258 0.013517379760742188 80450
1770819985184 0.06348228454589844 80500
1770819987004 0.2600717544555664 80550
1770819988791 0.15132617950439453 80600
1770819990646 0.057999610900878906 80650
1770819992461 0.012144088745117188 80700
1770819994340 0.02251148223876953 80750
1770820064218 0.018677711486816406 80800
1770820066861 0.14540672302246094 80850
1770820068675 0.01828765869140625 80900
1770820070561 0.15771007537841797 80950
1770820072301 0.1489429473876953 81000
1770820074118 0.11085891723632812 81050
1770820075899 0.08040523529052734 81100
1770820077873 0.28360748291015625 81150
1770820079639 0.09042167663574219 81200
1770820081411 0.08996009826660156 81250
1770820083200 0.14263153076171875 81300
1770820085015 0.10513687133789062 81350
1770820086813 0.03071308135986328 81400
1770820088639 0.07973003387451172 81450
1770820090367 0.03771018981933594 81500
1770820092190 0.17724132537841797 81550
1770820161354 0.13608646392822266 81600
1770820164034 0.007754325866699219 81650
1770820165832 0.043890953063964844 81700
1770820167624 0.18001842498779297 81750
1770820169435 0.02962970733642578 81800
1770820171271 0.16899681091308594 81850
1770820173064 0.2091236114501953 81900
1770820174822 0.012257575988769531 81950
1770820176644 0.003055572509765625 82000
1770820178455 0.04400825500488281 82050
1770820180262 0.053680419921875 82100
1770820182047 0.18920230865478516 82150
1770820183864 0.21640682220458984 82200
1770820185720 0.02556896209716797 82250
1770820187533 0.13034343719482422 82300
1770820189359 0.08406639099121094 82350
1770820258580 0.15095043182373047 82400
1770820261172 0.07466602325439453 82450
1770820263033 0.011090278625488281 82500
1770820264870 0.2585620880126953 82550
1770820266608 0.13347721099853516 82600
1770820268394 0.08463096618652344 82650
1770820270196 0.09211349487304688 82700
1770820272005 0.049312591552734375 82750
1770820273821 0.03046894073486328 82800
1770820275650 0.025493621826171875 82850
1770820277461 0.007701873779296875 82900
1770820279246 0.16342544555664062 82950
1770820281060 0.060126304626464844 83000
1770820282945 0.02313709259033203 83050
1770820284926 0.2569856643676758 83100
1770820286790 0.24039936065673828 83150
1770820356801 0.0157012939453125 83200
1770820359518 0.01227569580078125 83250
1770820361314 0.014066696166992188 83300
1770820363069 0.05794715881347656 83350
1770820364885 0.07928848266601562 83400
1770820366723 0.10637474060058594 83450
1770820368592 0.03610801696777344 83500
1770820370431 0.024139404296875 83550
1770820372228 0.05479145050048828 83600
1770820374050 0.27846431732177734 83650
1770820375898 0.18926525115966797 83700
1770820377708 0.009022712707519531 83750
1770820379485 0.1457195281982422 83800
1770820381298 0.1202392578125 83850
1770820383131 0.18245697021484375 83900
1770820384980 0.05654144287109375 83950
1770820454117 0.14434146881103516 84000
1770820456877 0.1629657745361328 84050
1770820458637 0.21068954467773438 84100
1770820460475 0.08819293975830078 84150
1770820462248 0.05230998992919922 84200
1770820464027 0.14272117614746094 84250
1770820465819 0.026868820190429688 84300
1770820467620 0.03935718536376953 84350
1770820469401 0.022437095642089844 84400
1770820471236 0.12957763671875 84450
1770820473069 0.1486492156982422 84500
1770820474881 0.00479888916015625 84550
1770820476676 0.032192230224609375 84600
1770820478457 0.02943134307861328 84650
1770820480273 0.06737804412841797 84700
1770820482145 0.16002845764160156 84750
1770820549812 0.06495094299316406 84800
1770820552547 0.24503421783447266 84850
1770820554389 0.07297325134277344 84900
1770820556231 0.05830574035644531 84950
1770820558112 0.002044677734375 85000
1770820560050 0.03858661651611328 85050
1770820561829 0.07126903533935547 85100
1770820563578 0.07396221160888672 85150
1770820565458 0.04158973693847656 85200
1770820567272 0.11134624481201172 85250
1770820569106 0.06225776672363281 85300
1770820570916 0.4314441680908203 85350
1770820572751 0.026500701904296875 85400
1770820574533 0.04447650909423828 85450
1770820576365 0.16652870178222656 85500
1770820578173 0.3260354995727539 85550
1770820650487 0.15787792205810547 85600
1770820653185 0.00469207763671875 85650
1770820654942 0.020282745361328125 85700
1770820656780 0.10005760192871094 85750
1770820658711 0.018138885498046875 85800
1770820660553 0.2717275619506836 85850
1770820662311 0.06210899353027344 85900
1770820664072 0.046417236328125 85950
1770820665873 0.14693546295166016 86000
1770820667661 0.05266284942626953 86050
1770820669487 0.014695167541503906 86100
1770820671217 0.11684513092041016 86150
1770820672974 0.12130451202392578 86200
1770820674778 0.08209800720214844 86250
1770820676587 0.09197998046875 86300
1770820678404 0.42319202423095703 86350
1770820750827 0.15819263458251953 86400
1770820753599 0.08865928649902344 86450
1770820755422 0.12515544891357422 86500
1770820757292 0.23369598388671875 86550
1770820759062 0.09515857696533203 86600
1770820760845 0.20474910736083984 86650
1770820762604 0.009167671203613281 86700
1770820764458 0.22381019592285156 86750
1770820766336 0.1210479736328125 86800
1770820768108 0.10865974426269531 86850
1770820769949 0.31577110290527344 86900
1770820771803 0.0012664794921875 86950
1770820773616 0.024667739868164062 87000
1770820775487 0.05109405517578125 87050
1770820777317 0.06335639953613281 87100
1770820779143 0.1964120864868164 87150
1770820848412 0.12142372131347656 87200
1770820851171 0.19804859161376953 87250
1770820853024 0.061730384826660156 87300
1770820854825 0.047593116760253906 87350
1770820856670 0.033844947814941406 87400
1770820858429 0.1829395294189453 87450
1770820860259 0.10131549835205078 87500
1770820862164 0.032990455627441406 87550
1770820864002 0.16180133819580078 87600
1770820865851 0.06778144836425781 87650
1770820867688 0.2674369812011719 87700
1770820869464 0.11140823364257812 87750
1770820871385 0.09673023223876953 87800
1770820873165 0.017165184020996094 87850
1770820874941 0.06975460052490234 87900
1770820876756 0.09157085418701172 87950
1770820949194 0.09073162078857422 88000
1770820951919 0.08859539031982422 88050
1770820953817 0.07467174530029297 88100
1770820955634 0.05090141296386719 88150
1770820957431 0.1128988265991211 88200
1770820959196 0.028575897216796875 88250
1770820960997 0.02207469940185547 88300
1770820962769 0.0038785934448242188 88350
1770820964561 0.08178138732910156 88400
1770820966387 0.18565750122070312 88450
1770820968175 0.16985511779785156 88500
1770820969962 0.02270984649658203 88550
1770820971784 0.09482383728027344 88600
1770820973605 0.0008831024169921875 88650
1770820975463 0.15878009796142578 88700
1770820977333 0.10779094696044922 88750
1770821044852 0.18065738677978516 88800
1770821047513 0.020383834838867188 88850
1770821049386 0.02686309814453125 88900
1770821051230 0.02147960662841797 88950
1770821053035 0.004496574401855469 89000
1770821054847 0.0234222412109375 89050
1770821056621 0.027106285095214844 89100
1770821058546 0.46785926818847656 89150
1770821060328 0.07208633422851562 89200
1770821062141 0.008798599243164062 89250
1770821063935 0.05638408660888672 89300
1770821065815 0.059340476989746094 89350
1770821067825 0.14310646057128906 89400
1770821069700 0.22886943817138672 89450
1770821071529 0.008189201354980469 89500
1770821073329 0.10086345672607422 89550
1770821141760 0.17157459259033203 89600
1770821144513 0.03329181671142578 89650
1770821146433 0.3693990707397461 89700
1770821148331 0.3872699737548828 89750
1770821150125 0.07565689086914062 89800
1770821151993 0.001129150390625 89850
1770821153772 0.10911083221435547 89900
1770821155645 0.1473073959350586 89950
1770821157473 0.1277475357055664 90000
1770821159270 0.005106925964355469 90050
1770821161128 0.054512977600097656 90100
1770821162943 0.10486316680908203 90150
1770821164748 0.22390365600585938 90200
1770821166606 0.08667469024658203 90250
1770821168494 0.18808650970458984 90300
1770821170323 0.0695505142211914 90350
1770821239564 0.12629222869873047 90400
1770821242280 0.07394695281982422 90450
1770821244129 0.4615478515625 90500
1770821245932 0.024679183959960938 90550
1770821247722 0.19512081146240234 90600
1770821249509 0.10006141662597656 90650
1770821251288 0.07994556427001953 90700
1770821253116 0.41269683837890625 90750
1770821254926 0.10459613800048828 90800
1770821256734 0.3291053771972656 90850
1770821258648 0.10203838348388672 90900
1770821260417 0.05903911590576172 90950
1770821262272 0.0663614273071289 91000
1770821264144 0.12821292877197266 91050
1770821265951 0.13576221466064453 91100
1770821267805 0.06724929809570312 91150
1770821336974 0.054134368896484375 91200
1770821339763 0.20647811889648438 91250
1770821341564 0.014147758483886719 91300
1770821343452 0.045108795166015625 91350
1770821345270 0.028209686279296875 91400
1770821347160 0.13028526306152344 91450
1770821348971 0.1192789077758789 91500
1770821350887 0.247283935546875 91550
1770821352722 0.08708858489990234 91600
1770821354578 0.04939079284667969 91650
1770821356364 0.2577095031738281 91700
1770821358173 0.04335594177246094 91750
1770821360044 0.12421321868896484 91800
1770821361882 0.05755805969238281 91850
1770821363696 0.026037216186523438 91900
1770821365529 0.1170034408569336 91950
1770821435553 0.01980876922607422 92000
1770821438178 0.050765037536621094 92050
1770821440001 0.01898956298828125 92100
1770821441747 0.2062969207763672 92150
1770821443588 0.012270927429199219 92200
1770821445395 0.12934017181396484 92250
1770821447191 0.036479949951171875 92300
1770821448978 0.01828479766845703 92350
1770821450842 0.025907516479492188 92400
1770821452746 0.08849239349365234 92450
1770821454535 0.060875892639160156 92500
1770821456387 0.10944747924804688 92550
1770821458198 0.04783344268798828 92600
1770821460023 0.02687549591064453 92650
1770821461827 0.20340919494628906 92700
1770821463674 0.17914962768554688 92750
1770821536124 0.2046947479248047 92800
1770821538952 0.074554443359375 92850
1770821540801 0.1590099334716797 92900
1770821542574 0.05050849914550781 92950
1770821544404 0.0060214996337890625 93000
1770821546275 0.12513351440429688 93050
1770821548107 0.0037469863891601562 93100
1770821549918 0.2533607482910156 93150
1770821551796 0.019013404846191406 93200
1770821553771 0.04206562042236328 93250
1770821555591 0.16650676727294922 93300
1770821557365 0.23054885864257812 93350
1770821559202 0.11207199096679688 93400
1770821561031 0.012177467346191406 93450
1770821562903 0.26488399505615234 93500
1770821564814 0.08991527557373047 93550
1770821637139 0.0924215316772461 93600
1770821639827 0.0037670135498046875 93650
1770821641753 0.07393455505371094 93700
1770821643628 0.09718704223632812 93750
1770821645440 0.2849435806274414 93800
1770821647317 0.16785335540771484 93850
1770821649123 0.12648773193359375 93900
1770821650942 0.09735584259033203 93950
1770821652794 0.06098365783691406 94000
1770821654546 0.0236968994140625 94050
1770821656412 0.027568817138671875 94100
1770821658248 0.22839832305908203 94150
1770821660125 0.38843345642089844 94200
1770821662004 0.14126300811767578 94250
1770821663828 0.010400772094726562 94300
1770821665722 0.049118995666503906 94350
1770821734838 0.011453628540039062 94400
1770821737393 0.022975921630859375 94450
1770821739231 0.05503368377685547 94500
1770821741047 0.1313629150390625 94550
1770821742902 0.08713912963867188 94600
1770821744700 0.06227684020996094 94650
1770821746571 0.1292123794555664 94700
1770821748433 0.0014410018920898438 94750
1770821750259 0.14381027221679688 94800
1770821752093 0.02211284637451172 94850
1770821753913 0.02576160430908203 94900
1770821755682 0.0077419281005859375 94950
1770821757492 0.12012958526611328 95000
1770821759398 0.07789134979248047 95050
1770821761207 0.009570121765136719 95100
1770821762985 0.13881778717041016 95150
1770821832185 0.0116729736328125 95200
1770821834834 0.2977151870727539 95250
1770821836637 0.033649444580078125 95300
1770821838554 0.1758432388305664 95350
1770821840377 0.032486915588378906 95400
1770821842211 0.12941932678222656 95450
1770821843986 0.08032703399658203 95500
1770821845820 0.055027008056640625 95550
1770821847627 0.14528751373291016 95600
1770821849451 0.03923320770263672 95650
1770821851260 0.0076198577880859375 95700
1770821853032 0.05663585662841797 95750
1770821854768 0.060454368591308594 95800
1770821856617 0.022409439086914062 95850
1770821858484 0.014896392822265625 95900
1770821860313 0.08789253234863281 95950
1770821932639 0.02147674560546875 96000
1770821935335 0.23284912109375 96050
1770821937152 0.06631755828857422 96100
1770821939050 0.00643157958984375 96150
1770821940893 0.10789966583251953 96200
1770821942737 0.013871192932128906 96250
1770821944546 0.20671844482421875 96300
1770821946454 0.2518024444580078 96350
1770821948240 0.08484935760498047 96400
1770821950081 0.08520317077636719 96450
1770821951958 0.059116363525390625 96500
1770821953802 0.023797988891601562 96550
1770821955672 0.10070991516113281 96600
1770821957490 0.12268924713134766 96650
1770821959310 0.10924911499023438 96700
1770821961199 0.056980133056640625 96750
1770822031146 0.1460857391357422 96800
1770822033902 0.13905811309814453 96850
1770822035797 0.07720661163330078 96900
1770822037671 0.004940986633300781 96950
1770822039512 0.34667491912841797 97000
1770822041347 0.11957454681396484 97050
1770822043211 0.03471565246582031 97100
1770822045077 0.042344093322753906 97150
1770822046895 0.1746063232421875 97200
1770822048705 0.06923198699951172 97250
1770822050560 0.06963062286376953 97300
1770822052361 0.16131591796875 97350
1770822054166 0.10929012298583984 97400
1770822056003 0.17665481567382812 97450
1770822057834 0.01593780517578125 97500
1770822059819 0.06045246124267578 97550
1770822128921 0.33086299896240234 97600
1770822131721 0.05106639862060547 97650
1770822133597 0.06489372253417969 97700
1770822135365 0.08953475952148438 97750
1770822137193 0.07965946197509766 97800
1770822138974 0.06763839721679688 97850
1770822140818 0.04323768615722656 97900
1770822142696 0.03648662567138672 97950
1770822144671 0.0116729736328125 98000
1770822146618 0.2601184844970703 98050
1770822148542 0.0034847259521484375 98100
1770822150401 0.24531269073486328 98150
1770822152290 0.0460205078125 98200
1770822154197 0.013729095458984375 98250
1770822155993 0.47572803497314453 98300
1770822157843 0.12739276885986328 98350
1770822226966 0.12494277954101562 98400
1770822229765 0.11110687255859375 98450
1770822231581 0.051705360412597656 98500
1770822233450 0.1149301528930664 98550
1770822235310 0.09973812103271484 98600
1770822237157 0.0039768218994140625 98650
1770822238984 0.00746917724609375 98700
1770822240864 0.10373115539550781 98750
1770822242731 0.08217620849609375 98800
1770822244600 0.0678415298461914 98850
1770822246449 0.04207801818847656 98900
1770822248263 0.2718009948730469 98950
1770822250053 0.01565837860107422 99000
1770822252048 0.21152782440185547 99050
1770822253896 0.15523242950439453 99100
1770822255701 0.08771896362304688 99150
1770822323334 0.15567684173583984 99200
1770822326052 0.03929901123046875 99250
1770822327924 0.12797164916992188 99300
1770822329752 0.19013214111328125 99350
1770822331630 0.0049457550048828125 99400
1770822333439 0.009542465209960938 99450
1770822335228 0.1180257797241211 99500
1770822337076 0.27071189880371094 99550
1770822338900 0.12361717224121094 99600
1770822340732 0.005911827087402344 99650
1770822342528 0.05557537078857422 99700
1770822344431 0.07553672790527344 99750
1770822346224 0.08597946166992188 99800
1770822348098 0.02197265625 99850
1770822349952 0.06338787078857422 99900
1770822351797 0.06689643859863281 99950
1770810336128 0.6255931854248047 0
