1770810448025 0.003851389279589057 800
1770810541858 0.003147636540234089 1600
1770810636719 0.002674663672223687 2400
1770810731220 0.002054418670013547 3200
1770810824126 0.0015417294343933463 4000
1770810918952 0.0012977530714124441 4800
1770811015257 0.0007851551636122167 5600
1770811108309 0.0006488655344583094 6400
1770811203040 0.0007108557620085776 7200
1770811298697 0.0005330341518856585 8000
1770811391846 0.0006757886148989201 8800
1770811486952 0.0005219755694270134 9600
1770811582800 0.0006362416897900403 10400
1770811675830 0.0007462863577529788 11200
1770811770371 0.0008766822284087539 12000
1770811865296 0.001302908407524228 12800
1770811960088 0.001414983649738133 13600
1770812054770 0.0015758541412651539 14400
1770812149805 0.002007733564823866 15200
1770812245954 0.0021636993624269962 16000
1770812344130 0.0023637283593416214 16800
1770812438969 0.0026360005140304565 17600
1770812534003 0.0029311913531273603 18400
1770812629207 0.003105698386207223 19200
1770812727539 0.003596474649384618 20000
1770812820866 0.003902082797139883 20800
1770812914031 0.003731764853000641 21600
1770813010029 0.0036830829922109842 22400
1770813105961 0.0038156979717314243 23200
1770813201972 0.004283778835088015 24000
1770813297466 0.004557947628200054 24800
1770813391009 0.004599777515977621 25600
1770813486340 0.004714069422334433 26400
1770813581635 0.004628240596503019 27200
1770813677251 0.005009661428630352 28000
1770813772253 0.005258557386696339 28800
1770813865949 0.005257777404040098 29600
1770813959791 0.0052547818049788475 30400
1770814055309 0.005297024734318256 31200
1770814150864 0.0056138718500733376 32000
1770814246432 0.005599149968475103 32800
1770814342115 0.006139515433460474 33600
1770814437755 0.006155200768262148 34400
1770814533408 0.006550038233399391 35200
1770814628836 0.006605671718716621 36000
1770814723210 0.006596619728952646 36800
1770814817074 0.006822545081377029 37600
1770814912630 0.006890543736517429 38400
1770815008452 0.007180073764175177 39200
1770815105123 0.007416452746838331 40000
1770815201782 0.007636746391654015 40800
1770815302078 0.007669233717024326 41600
1770815397785 0.007794470526278019 42400
1770815496754 0.0080559141933918 43200
1770815592503 0.008129597641527653 44000
1770815686610 0.008233902044594288 44800
1770815782493 0.008078282698988914 45600
1770815881716 0.008277392014861107 46400
1770815977763 0.008405165746808052 47200
1770816073567 0.00878205243498087 48000
1770816169601 0.008927308954298496 48800
1770816265600 0.008625820279121399 49600
1770816361761 0.008565875701606274 50400
1770816458099 0.008806155994534492 51200
1770816554224 0.009005806408822536 52000
1770816653296 0.008951058611273766 52800
1770816747966 0.009300930425524712 53600
1770816844286 0.009454254992306232 54400
1770816940247 0.009446350857615471 55200
1770817037719 0.00941825658082962 56000
1770817134123 0.009740950539708138 56800
1770817231145 0.00973866879940033 57600
1770817325804 0.00973527505993843 58400
1770817422679 0.009831368923187256 59200
1770817518879 0.00996964331716299 60000
1770817618448 0.010323788039386272 60800
1770817713240 0.010388677008450031 61600
1770817809892 0.010217077098786831 62400
1770817906773 0.010433513671159744 63200
1770818006363 0.010571162216365337 64000
1770818104430 0.010859082452952862 64800
1770818205370 0.010932715609669685 65600
1770818302037 0.011157515458762646 66400
1770818398411 0.011245827190577984 67200
1770818495264 0.011322634294629097 68000
1770818595287 0.011370272375643253 68800
1770818695145 0.011692934669554234 69600
1770818792122 0.01167155709117651 70400
1770818888920 0.01187416072934866 71200
1770818988852 0.01186856534332037 72000
1770819088924 0.01208589132875204 72800
1770819189183 0.011906659230589867 73600
1770819286085 0.01182954479008913 74400
1770819383356 0.012203503400087357 75200
1770819479918 0.011847365647554398 76000
1770819577419 0.01219671219587326 76800
1770819674751 0.012234446592628956 77600
1770819771683 0.012306096963584423 78400
1770819868899 0.012204103171825409 79200
1770819965867 0.012362856417894363 80000
1770820063933 0.01243810448795557 80800
1770820161052 0.01263030432164669 81600
1770820258299 0.012953133322298527 82400
1770820356504 0.013047092594206333 83200
1770820453821 0.012750402092933655 84000
1770820549500 0.013036970980465412 84800
1770820650184 0.013417555019259453 85600
1770820750529 0.013531971722841263 86400
1770820848127 0.0132939787581563 87200
1770820948902 0.013208935037255287 88000
1770821044549 0.013293569907546043 88800
1770821141475 0.013233513571321964 89600
1770821239261 0.013363593257963657 90400
1770821336684 0.013484202325344086 91200
1770821435240 0.013646973296999931 92000
1770821535754 0.013772716745734215 92800
1770821636839 0.013868694193661213 93600
1770821734534 0.013943319208920002 94400
1770821831878 0.013982484117150307 95200
1770821932344 0.0139491967856884 96000
1770822030839 0.014062533155083656 96800
1770822128620 0.014092535711824894 97600
1770822226661 0.014549104496836662 98400
1770822323017 0.014732475392520428 99200
1770822420597 0.014689043164253235 100000
