1770810448025 0.9963002800941467 800
1770810541858 0.995370626449585 1600
1770810636719 0.9946223497390747 2400
1770810731220 0.9936039447784424 3200
1770810824126 0.9927657246589661 4000
1770810918952 0.9920598268508911 4800
1770811015257 0.9912961721420288 5600
1770811108309 0.9903016090393066 6400
1770811203040 0.98933345079422 7200
1770811298697 0.9886371493339539 8000
1770811391846 0.9875873327255249 8800
1770811486952 0.9867128729820251 9600
1770811582800 0.9859312176704407 10400
1770811675830 0.9849894642829895 11200
1770811770371 0.9838235378265381 12000
1770811865296 0.9827327728271484 12800
1770811960088 0.9822110533714294 13600
1770812054770 0.9816687107086182 14400
1770812149805 0.9808191061019897 15200
1770812245954 0.9802561402320862 16000
1770812344130 0.9793819189071655 16800
1770812438969 0.9788835048675537 17600
1770812534003 0.977906346321106 18400
1770812629207 0.9774144291877747 19200
1770812727539 0.9763959050178528 20000
1770812820866 0.9753928184509277 20800
1770812914031 0.9749311208724976 21600
1770813010029 0.9743437767028809 22400
1770813105961 0.9739519953727722 23200
1770813201972 0.9730558395385742 24000
1770813297466 0.9724711179733276 24800
1770813391009 0.9718770980834961 25600
1770813486340 0.9713175892829895 26400
1770813581635 0.9710274338722229 27200
1770813677251 0.9699276685714722 28000
1770813772253 0.9690471291542053 28800
1770813865949 0.9684690237045288 29600
1770813959791 0.9680362939834595 30400
1770814055309 0.9673457741737366 31200
1770814150864 0.9666927456855774 32000
1770814246432 0.9661071300506592 32800
1770814342115 0.9652876853942871 33600
1770814437755 0.9650489687919617 34400
1770814533408 0.963883101940155 35200
1770814628836 0.9635522961616516 36000
1770814723210 0.9629372954368591 36800
1770814817074 0.9624941349029541 37600
1770814912630 0.961915910243988 38400
1770815008452 0.9609438180923462 39200
1770815105123 0.960408627986908 40000
1770815201782 0.9603586196899414 40800
1770815302078 0.9600193500518799 41600
1770815397785 0.959213137626648 42400
1770815496754 0.9585057497024536 43200
1770815592503 0.9578365683555603 44000
1770815686610 0.9567582607269287 44800
1770815782493 0.9565844535827637 45600
1770815881716 0.9560812711715698 46400
1770815977763 0.9557943344116211 47200
1770816073567 0.9549204707145691 48000
1770816169601 0.9541465044021606 48800
1770816265600 0.9537537097930908 49600
1770816361761 0.9535630941390991 50400
1770816458099 0.9530701637268066 51200
1770816554224 0.9525083899497986 52000
1770816653296 0.9517087936401367 52800
1770816747966 0.9512675404548645 53600
1770816844286 0.951046347618103 54400
1770816940247 0.9504674077033997 55200
1770817037719 0.9497688412666321 56000
1770817134123 0.9495258331298828 56800
1770817231145 0.9493566751480103 57600
1770817325804 0.9488729238510132 58400
1770817422679 0.9486191868782043 59200
1770817518879 0.9481490850448608 60000
1770817618448 0.9474599361419678 60800
1770817713240 0.9471437931060791 61600
1770817809892 0.9468399882316589 62400
1770817906773 0.9462370872497559 63200
1770818006363 0.9458191990852356 64000
1770818104430 0.9450027346611023 64800
1770818205370 0.9445712566375732 65600
1770818302037 0.9437026977539062 66400
1770818398411 0.9431275725364685 67200
1770818495264 0.9425480365753174 68000
1770818595287 0.9418967366218567 68800
1770818695145 0.9415174722671509 69600
1770818792122 0.9410044550895691 70400
1770818888920 0.940430760383606 71200
1770818988852 0.9402157068252563 72000
1770819088924 0.9394711852073669 72800
1770819189183 0.9392576217651367 73600
1770819286085 0.9390648007392883 74400
1770819383356 0.9381384253501892 75200
1770819479918 0.9379627108573914 76000
1770819577419 0.9373265504837036 76800
1770819674751 0.9367827773094177 77600
1770819771683 0.9361083507537842 78400
1770819868899 0.935655415058136 79200
1770819965867 0.9349573850631714 80000
1770820063933 0.9348819255828857 80800
1770820161052 0.9342119693756104 81600
1770820258299 0.9331634640693665 82400
1770820356504 0.9326387047767639 83200
1770820453821 0.9325072765350342 84000
1770820549500 0.9318695664405823 84800
1770820650184 0.9309768080711365 85600
1770820750529 0.9305886626243591 86400
1770820848127 0.9302541017532349 87200
1770820948902 0.9300994873046875 88000
1770821044549 0.9299336671829224 88800
1770821141475 0.9294722676277161 89600
1770821239261 0.9290666580200195 90400
1770821336684 0.9288162589073181 91200
1770821435240 0.9280961751937866 92000
1770821535754 0.9275944232940674 92800
1770821636839 0.9271692037582397 93600
1770821734534 0.9267551898956299 94400
1770821831878 0.926230788230896 95200
1770821932344 0.925904393196106 96000
1770822030839 0.9254472851753235 96800
1770822128620 0.9251056909561157 97600
1770822226661 0.9245238304138184 98400
1770822323017 0.9243004322052002 99200
1770822420597 0.9237903356552124 100000
