1770810448025 0.995894193649292 800
1770810541858 0.9963531494140625 1600
1770810636719 0.9966113567352295 2400
1770810731220 0.9970203042030334 3200
1770810824126 0.9973474740982056 4000
1770810918952 0.9974717497825623 4800
1770811015257 0.9977507591247559 5600
1770811108309 0.9977625012397766 6400
1770811203040 0.997610330581665 7200
1770811298697 0.9976961016654968 8000
1770811391846 0.9974675178527832 8800
1770811486952 0.9975689649581909 9600
1770811582800 0.9973399639129639 10400
1770811675830 0.9970650672912598 11200
1770811770371 0.9967952370643616 12000
1770811865296 0.996296763420105 12800
1770811960088 0.996041476726532 13600
1770812054770 0.9958261251449585 14400
1770812149805 0.9952138662338257 15200
1770812245954 0.9948402047157288 16000
1770812344130 0.9946045875549316 16800
1770812438969 0.994259774684906 17600
1770812534003 0.9939497709274292 18400
1770812629207 0.9937551617622375 19200
1770812727539 0.9932260513305664 20000
1770812820866 0.9928445816040039 20800
1770812914031 0.9929165840148926 21600
1770813010029 0.9928727149963379 22400
1770813105961 0.9926137924194336 23200
1770813201972 0.9921321272850037 24000
1770813297466 0.9917237162590027 24800
1770813391009 0.9915637373924255 25600
1770813486340 0.9913381338119507 26400
1770813581635 0.9913347363471985 27200
1770813677251 0.9908827543258667 28000
1770813772253 0.9906160235404968 28800
1770813865949 0.9905617237091064 29600
1770813959791 0.9904779195785522 30400
1770814055309 0.9903866648674011 31200
1770814150864 0.9900178909301758 32000
1770814246432 0.9899964332580566 32800
1770814342115 0.9893859028816223 33600
1770814437755 0.989217221736908 34400
1770814533408 0.9888108968734741 35200
1770814628836 0.9886624813079834 36000
1770814723210 0.9886398315429688 36800
1770814817074 0.9882716536521912 37600
1770814912630 0.9880755543708801 38400
1770815008452 0.9877350330352783 39200
1770815105123 0.9873899817466736 40000
1770815201782 0.9871304035186768 40800
1770815302078 0.9869789481163025 41600
1770815397785 0.9868881702423096 42400
1770815496754 0.98656165599823 43200
1770815592503 0.9863590002059937 44000
1770815686610 0.986258864402771 44800
1770815782493 0.9863091707229614 45600
1770815881716 0.9860155582427979 46400
1770815977763 0.9858211278915405 47200
1770816073567 0.9853850603103638 48000
1770816169601 0.9851930737495422 48800
1770816265600 0.9854113459587097 49600
1770816361761 0.9853872656822205 50400
1770816458099 0.9850406050682068 51200
1770816554224 0.9847274422645569 52000
1770816653296 0.984655499458313 52800
1770816747966 0.9842244386672974 53600
1770816844286 0.98396235704422 54400
1770816940247 0.983941376209259 55200
1770817037719 0.9838955402374268 56000
1770817134123 0.9834228754043579 56800
1770817231145 0.9833191633224487 57600
1770817325804 0.9831838607788086 58400
1770817422679 0.9829344749450684 59200
1770817518879 0.9827165007591248 60000
1770817618448 0.982172429561615 60800
1770817713240 0.9819353818893433 61600
1770817809892 0.9819768667221069 62400
1770817906773 0.981644332408905 63200
1770818006363 0.9813282489776611 64000
1770818104430 0.9809414744377136 64800
1770818205370 0.9807917475700378 65600
1770818302037 0.9805393815040588 66400
1770818398411 0.9803675413131714 67200
1770818495264 0.9802316427230835 68000
1770818595287 0.9801191687583923 68800
1770818695145 0.9796838760375977 69600
1770818792122 0.9795549511909485 70400
1770818888920 0.9792680144309998 71200
1770818988852 0.9791643619537354 72000
1770819088924 0.9788594245910645 72800
1770819189183 0.978811502456665 73600
1770819286085 0.9788510799407959 74400
1770819383356 0.9784042835235596 75200
1770819479918 0.9786552786827087 76000
1770819577419 0.978160560131073 76800
1770819674751 0.9779927730560303 77600
1770819771683 0.9777889251708984 78400
1770819868899 0.9777953028678894 79200
1770819965867 0.9775567054748535 80000
1770820063933 0.977378785610199 80800
1770820161052 0.9771676063537598 81600
1770820258299 0.9767282605171204 82400
1770820356504 0.9765312075614929 83200
1770820453821 0.976696789264679 84000
1770820549500 0.9763349294662476 84800
1770820650184 0.9759595394134521 85600
1770820750529 0.9757460355758667 86400
1770820848127 0.9757982492446899 87200
1770820948902 0.9757162928581238 88000
1770821044549 0.9754987359046936 88800
1770821141475 0.9754306077957153 89600
1770821239261 0.975188136100769 90400
1770821336684 0.9749104976654053 91200
1770821435240 0.9746337532997131 92000
1770821535754 0.9743782877922058 92800
1770821636839 0.9741111397743225 93600
1770821734534 0.9738879799842834 94400
1770821831878 0.9737701416015625 95200
1770821932344 0.973699152469635 96000
1770822030839 0.9734976291656494 96800
1770822128620 0.9732610583305359 97600
1770822226661 0.9726879000663757 98400
1770822323017 0.9723734259605408 99200
1770822420597 0.9723748564720154 100000
