1770810448025 0.9956682920455933 800
1770810541858 0.9960408806800842 1600
1770810636719 0.9964372515678406 2400
1770810731220 0.9966138601303101 3200
1770810824126 0.9970995187759399 4000
1770810918952 0.9976211786270142 4800
1770811015257 0.9979857802391052 5600
1770811108309 0.99840247631073 6400
1770811203040 0.9986956715583801 7200
1770811298697 0.9991387128829956 8000
1770811391846 0.9990823864936829 8800
1770811486952 0.9998047947883606 9600
1770811582800 0.999995768070221 10400
1770811675830 1.0006153583526611 11200
1770811770371 1.000717043876648 12000
1770811865296 1.0006073713302612 12800
1770811960088 1.0006848573684692 13600
1770812054770 1.001183032989502 14400
1770812149805 1.0011143684387207 15200
1770812245954 1.0012942552566528 16000
1770812344130 1.0019853115081787 16800
1770812438969 1.0024333000183105 17600
1770812534003 1.0025743246078491 18400
1770812629207 1.0026743412017822 19200
1770812727539 1.002485990524292 20000
1770812820866 1.0023833513259888 20800
1770812914031 1.003631591796875 21600
1770813010029 1.003973126411438 22400
1770813105961 1.004215121269226 23200
1770813201972 1.0042027235031128 24000
1770813297466 1.004331111907959 24800
1770813391009 1.0046195983886719 25600
1770813486340 1.0046199560165405 26400
1770813581635 1.005109190940857 27200
1770813677251 1.0049636363983154 28000
1770813772253 1.004956841468811 28800
1770813865949 1.0051649808883667 29600
1770813959791 1.0053741931915283 30400
1770814055309 1.005878210067749 31200
1770814150864 1.0061211585998535 32000
1770814246432 1.0062541961669922 32800
1770814342115 1.006267786026001 33600
1770814437755 1.0064454078674316 34400
1770814533408 1.0064079761505127 35200
1770814628836 1.0068362951278687 36000
1770814723210 1.0070980787277222 36800
1770814817074 1.007102608680725 37600
1770814912630 1.0074763298034668 38400
1770815008452 1.0075420141220093 39200
1770815105123 1.0075870752334595 40000
1770815201782 1.0078340768814087 40800
1770815302078 1.0082080364227295 41600
1770815397785 1.0084912776947021 42400
1770815496754 1.008898377418518 43200
1770815592503 1.009069800376892 44000
1770815686610 1.0092979669570923 44800
1770815782493 1.0097482204437256 45600
1770815881716 1.0097618103027344 46400
1770815977763 1.0097718238830566 47200
1770816073567 1.0099014043807983 48000
1770816169601 1.0100877285003662 48800
1770816265600 1.01047945022583 49600
1770816361761 1.0106770992279053 50400
1770816458099 1.0107243061065674 51200
1770816554224 1.0107430219650269 52000
1770816653296 1.0110914707183838 52800
1770816747966 1.0109992027282715 53600
1770816844286 1.0111885070800781 54400
1770816940247 1.0114681720733643 55200
1770817037719 1.0115923881530762 56000
1770817134123 1.0115734338760376 56800
1770817231145 1.0118860006332397 57600
1770817325804 1.0121089220046997 58400
1770817422679 1.01223623752594 59200
1770817518879 1.012351632118225 60000
1770817618448 1.0122811794281006 60800
1770817713240 1.012420654296875 61600
1770817809892 1.012696623802185 62400
1770817906773 1.0126221179962158 63200
1770818006363 1.012717843055725 64000
1770818104430 1.0125534534454346 64800
1770818205370 1.0127114057540894 65600
1770818302037 1.0126276016235352 66400
1770818398411 1.0128895044326782 67200
1770818495264 1.0129631757736206 68000
1770818595287 1.0130325555801392 68800
1770818695145 1.0129228830337524 69600
1770818792122 1.013059377670288 70400
1770818888920 1.0130772590637207 71200
1770818988852 1.0133862495422363 72000
1770819088924 1.0133239030838013 72800
1770819189183 1.013575792312622 73600
1770819286085 1.0138585567474365 74400
1770819383356 1.0135819911956787 75200
1770819479918 1.0140641927719116 76000
1770819577419 1.013866901397705 76800
1770819674751 1.013981580734253 77600
1770819771683 1.0140126943588257 78400
1770819868899 1.0142592191696167 79200
1770819965867 1.0143177509307861 80000
1770820063933 1.0143786668777466 80800
1770820161052 1.0142234563827515 81600
1770820258299 1.014082670211792 82400
1770820356504 1.014129400253296 83200
1770820453821 1.0145626068115234 84000
1770820549500 1.0144054889678955 84800
1770820650184 1.0142666101455688 85600
1770820750529 1.0143311023712158 86400
1770820848127 1.014663815498352 87200
1770820948902 1.0147945880889893 88000
1770821044549 1.0148123502731323 88800
1770821141475 1.0148613452911377 89600
1770821239261 1.014779806137085 90400
1770821336684 1.0147212743759155 91200
1770821435240 1.014526128768921 92000
1770821535754 1.0146307945251465 92800
1770821636839 1.0146276950836182 93600
1770821734534 1.0148991346359253 94400
1770821831878 1.0150418281555176 95200
1770821932344 1.015190601348877 96000
1770822030839 1.0151642560958862 96800
1770822128620 1.0152946710586548 97600
1770822226661 1.0151246786117554 98400
1770822323017 1.0150407552719116 99200
1770822420597 1.0151796340942383 100000
