1770810448025 0.9954149723052979 800
1770810541858 0.99567711353302 1600
1770810636719 0.9959454536437988 2400
1770810731220 0.9963410496711731 3200
1770810824126 0.9966879487037659 4000
1770810918952 0.9968441128730774 4800
1770811015257 0.9972821474075317 5600
1770811108309 0.9973235726356506 6400
1770811203040 0.9971117377281189 7200
1770811298697 0.9972264170646667 8000
1770811391846 0.9970700144767761 8800
1770811486952 0.9972158074378967 9600
1770811582800 0.9969828128814697 10400
1770811675830 0.9968132972717285 11200
1770811770371 0.9965721964836121 12000
1770811865296 0.9959690570831299 12800
1770811960088 0.9957579374313354 13600
1770812054770 0.9955065250396729 14400
1770812149805 0.9949800372123718 15200
1770812245954 0.994728147983551 16000
1770812344130 0.9944896101951599 16800
1770812438969 0.9941285252571106 17600
1770812534003 0.9937474131584167 18400
1770812629207 0.9934390187263489 19200
1770812727539 0.9928166270256042 20000
1770812820866 0.9924226403236389 20800
1770812914031 0.992557942867279 21600
1770813010029 0.9925885200500488 22400
1770813105961 0.9922531247138977 23200
1770813201972 0.9917325973510742 24000
1770813297466 0.9913485646247864 24800
1770813391009 0.9912884831428528 25600
1770813486340 0.9911596775054932 26400
1770813581635 0.9911400675773621 27200
1770813677251 0.9907600283622742 28000
1770813772253 0.9903811812400818 28800
1770813865949 0.9903506636619568 29600
1770813959791 0.9902206659317017 30400
1770814055309 0.9900931715965271 31200
1770814150864 0.9896950721740723 32000
1770814246432 0.9896100163459778 32800
1770814342115 0.9889181852340698 33600
1770814437755 0.98882657289505 34400
1770814533408 0.9883371591567993 35200
1770814628836 0.9882321357727051 36000
1770814723210 0.9881444573402405 36800
1770814817074 0.9878478050231934 37600
1770814912630 0.9876739382743835 38400
1770815008452 0.9872910380363464 39200
1770815105123 0.986953616142273 40000
1770815201782 0.9866014122962952 40800
1770815302078 0.9864771962165833 41600
1770815397785 0.9862806797027588 42400
1770815496754 0.9859614372253418 43200
1770815592503 0.9857147932052612 44000
1770815686610 0.9855131506919861 44800
1770815782493 0.9855863451957703 45600
1770815881716 0.9852777719497681 46400
1770815977763 0.9849843382835388 47200
1770816073567 0.9845640659332275 48000
1770816169601 0.9842798709869385 48800
1770816265600 0.9845184087753296 49600
1770816361761 0.98441082239151 50400
1770816458099 0.9839830994606018 51200
1770816554224 0.9835399389266968 52000
1770816653296 0.9833569526672363 52800
1770816747966 0.9828100800514221 53600
1770816844286 0.9824171662330627 54400
1770816940247 0.9823405742645264 55200
1770817037719 0.9820956587791443 56000
1770817134123 0.9815762042999268 56800
1770817231145 0.9813383221626282 57600
1770817325804 0.9810418486595154 58400
1770817422679 0.9807642102241516 59200
1770817518879 0.9804823398590088 60000
1770817618448 0.9797919392585754 60800
1770817713240 0.9795848727226257 61600
1770817809892 0.9796472787857056 62400
1770817906773 0.97914719581604 63200
1770818006363 0.978874921798706 64000
1770818104430 0.9781705737113953 64800
1770818205370 0.9780063629150391 65600
1770818302037 0.9774461984634399 66400
1770818398411 0.9771868586540222 67200
1770818495264 0.9768581390380859 68000
1770818595287 0.976657509803772 68800
1770818695145 0.9760801792144775 69600
1770818792122 0.975939154624939 70400
1770818888920 0.9755244851112366 71200
1770818988852 0.9752756953239441 72000
1770819088924 0.9748925566673279 72800
1770819189183 0.974807858467102 73600
1770819286085 0.974639892578125 74400
1770819383356 0.9740225672721863 75200
1770819479918 0.9742321372032166 76000
1770819577419 0.9735347628593445 76800
1770819674751 0.9731208086013794 77600
1770819771683 0.9728106260299683 78400
1770819868899 0.9726390838623047 79200
1770819965867 0.9721482992172241 80000
1770820063933 0.9717733860015869 80800
1770820161052 0.971233606338501 81600
1770820258299 0.9707393050193787 82400
1770820356504 0.9703035354614258 83200
1770820453821 0.9703382849693298 84000
1770820549500 0.9697765111923218 84800
1770820650184 0.9691113829612732 85600
1770820750529 0.9686615467071533 86400
1770820848127 0.9686918258666992 87200
1770820948902 0.9684332013130188 88000
1770821044549 0.9680278897285461 88800
1770821141475 0.9676979184150696 89600
1770821239261 0.9671027064323425 90400
1770821336684 0.9666483402252197 91200
1770821435240 0.966229259967804 92000
1770821535754 0.9653749465942383 92800
1770821636839 0.9649264216423035 93600
1770821734534 0.9644102454185486 94400
1770821831878 0.9638728499412537 95200
1770821932344 0.9634590148925781 96000
1770822030839 0.9629136919975281 96800
1770822128620 0.9624695777893066 97600
1770822226661 0.9612076282501221 98400
1770822323017 0.9605264067649841 99200
1770822420597 0.9601236581802368 100000
