1770810448025 -0.0019508337136358023 800
1770810541858 -0.00403737323358655 1600
1770810636719 -0.005212672520428896 2400
1770810731220 -0.006624564528465271 3200
1770810824126 -0.007635595742613077 4000
1770810918952 -0.008188696578145027 4800
1770811015257 -0.00889664888381958 5600
1770811108309 -0.009690685197710991 6400
1770811203040 -0.010205316357314587 7200
1770811298697 -0.010404624976217747 8000
1770811391846 -0.011000070720911026 8800
1770811486952 -0.011132990010082722 9600
1770811582800 -0.011556814424693584 10400
1770811675830 -0.01195175014436245 11200
1770811770371 -0.01224252488464117 12000
1770811865296 -0.012773428112268448 12800
1770811960088 -0.012984822504222393 13600
1770812054770 -0.013126296922564507 14400
1770812149805 -0.013430136255919933 15200
1770812245954 -0.013600950129330158 16000
1770812344130 -0.013930152170360088 16800
1770812438969 -0.014280886389315128 17600
1770812534003 -0.01463508140295744 18400
1770812629207 -0.014824491925537586 19200
1770812727539 -0.015329990535974503 20000
1770812820866 -0.015749037265777588 20800
1770812914031 -0.015640808269381523 21600
1770813010029 -0.015656033530831337 22400
1770813105961 -0.015724169090390205 23200
1770813201972 -0.016204090788960457 24000
1770813297466 -0.016373196616768837 24800
1770813391009 -0.016430577263236046 25600
1770813486340 -0.016771512106060982 26400
1770813581635 -0.016821887344121933 27200
1770813677251 -0.017307667061686516 28000
1770813772253 -0.017501477152109146 28800
1770813865949 -0.017635567113757133 29600
1770813959791 -0.017646493390202522 30400
1770814055309 -0.017635444179177284 31200
1770814150864 -0.017963113263249397 32000
1770814246432 -0.018023349344730377 32800
1770814342115 -0.018493836745619774 33600
1770814437755 -0.018547460436820984 34400
1770814533408 -0.019054904580116272 35200
1770814628836 -0.019145570695400238 36000
1770814723210 -0.019200285896658897 36800
1770814817074 -0.0194116048514843 37600
1770814912630 -0.019466418772935867 38400
1770815008452 -0.0198733638972044 39200
1770815105123 -0.020072510465979576 40000
1770815201782 -0.020305665209889412 40800
1770815302078 -0.020390283316373825 41600
1770815397785 -0.02060931734740734 42400
1770815496754 -0.020932069048285484 43200
1770815592503 -0.020956091582775116 44000
1770815686610 -0.0210716612637043 44800
1770815782493 -0.02102695032954216 45600
1770815881716 -0.021312331780791283 46400
1770815977763 -0.02157457545399666 47200
1770816073567 -0.021896328777074814 48000
1770816169601 -0.02211044169962406 48800
1770816265600 -0.021947242319583893 49600
1770816361761 -0.021948840469121933 50400
1770816458099 -0.022211963310837746 51200
1770816554224 -0.022462811321020126 52000
1770816653296 -0.022396273910999298 52800
1770816747966 -0.022730007767677307 53600
1770816844286 -0.022941699251532555 54400
1770816940247 -0.023076960816979408 55200
1770817037719 -0.02303839847445488 56000
1770817134123 -0.02331477217376232 56800
1770817231145 -0.023411370813846588 57600
1770817325804 -0.02347983419895172 58400
1770817422679 -0.023635858669877052 59200
1770817518879 -0.02379011921584606 60000
1770817618448 -0.024065276607871056 60800
1770817713240 -0.02417772449553013 61600
1770817809892 -0.024203814566135406 62400
1770817906773 -0.024464692920446396 63200
1770818006363 -0.02450801432132721 64000
1770818104430 -0.024789681658148766 64800
1770818205370 -0.024882709607481956 65600
1770818302037 -0.025149386376142502 66400
1770818398411 -0.025191033259034157 67200
1770818495264 -0.025269147008657455 68000
1770818595287 -0.025481432676315308 68800
1770818695145 -0.025792347267270088 69600
1770818792122 -0.02583274617791176 70400
1770818888920 -0.026008736342191696 71200
1770818988852 -0.026045842096209526 72000
1770819088924 -0.02635669708251953 72800
1770819189183 -0.026143910363316536 73600
1770819286085 -0.02611987479031086 74400
1770819383356 -0.026526568457484245 75200
1770819479918 -0.026316143572330475 76000
1770819577419 -0.0266221035271883 76800
1770819674751 -0.026671575382351875 77600
1770819771683 -0.026825547218322754 78400
1770819868899 -0.026789579540491104 79200
1770819965867 -0.026931997388601303 80000
1770820063933 -0.026974808424711227 80800
1770820161052 -0.02721717208623886 81600
1770820258299 -0.02744407206773758 82400
1770820356504 -0.027658801525831223 83200
1770820453821 -0.02737623080611229 84000
1770820549500 -0.027684571221470833 84800
1770820650184 -0.02807658351957798 85600
1770820750529 -0.028137262910604477 86400
1770820848127 -0.02804848924279213 87200
1770820948902 -0.028020448982715607 88000
1770821044549 -0.028013356029987335 88800
1770821141475 -0.0281280055642128 89600
1770821239261 -0.028295952826738358 90400
1770821336684 -0.028375543653964996 91200
1770821435240 -0.028699077665805817 92000
1770821535754 -0.028738874942064285 92800
1770821636839 -0.028752783313393593 93600
1770821734534 -0.028844794258475304 94400
1770821831878 -0.028922749683260918 95200
1770821932344 -0.029033681377768517 96000
1770822030839 -0.029172370210289955 96800
1770822128620 -0.02926688641309738 97600
1770822226661 -0.029612800106406212 98400
1770822323017 -0.029806170612573624 99200
1770822420597 -0.029862945899367332 100000
