1770810448025 -42306.34375 800
1770810541858 -42403.546875 1600
1770810636719 -42597.03125 2400
1770810731220 -42621.078125 3200
1770810824126 -42595.359375 4000
1770810918952 -42733.09375 4800
1770811015257 -42725.34375 5600
1770811108309 -42742.125 6400
1770811203040 -42617.890625 7200
1770811298697 -42593.140625 8000
1770811391846 -42728.359375 8800
1770811486952 -42636.234375 9600
1770811582800 -42694.171875 10400
1770811675830 -42794.828125 11200
1770811770371 -42687.96875 12000
1770811865296 -42677.5625 12800
1770811960088 -42678.578125 13600
1770812054770 -42722.421875 14400
1770812149805 -42800.890625 15200
1770812245954 -42849.65625 16000
1770812344130 -42844.234375 16800
1770812438969 -42938.859375 17600
1770812534003 -42979.71875 18400
1770812629207 -42958.109375 19200
1770812727539 -42980.296875 20000
1770812820866 -43038.6875 20800
1770812914031 -43053.75 21600
1770813010029 -43148.96875 22400
1770813105961 -43163.265625 23200
1770813201972 -43253.3125 24000
1770813297466 -43213.921875 24800
1770813391009 -43228.359375 25600
1770813486340 -43309.421875 26400
1770813581635 -43338.625 27200
1770813677251 -43370.515625 28000
1770813772253 -43396.734375 28800
1770813865949 -43433.875 29600
1770813959791 -43455.640625 30400
1770814055309 -43474.171875 31200
1770814150864 -43421.59375 32000
1770814246432 -43373.765625 32800
1770814342115 -43403.359375 33600
1770814437755 -43368.109375 34400
1770814533408 -43425.96875 35200
1770814628836 -43364.5625 36000
1770814723210 -43410.765625 36800
1770814817074 -43485.765625 37600
1770814912630 -43482.21875 38400
1770815008452 -43507.96875 39200
1770815105123 -43480.25 40000
1770815201782 -43443.34375 40800
1770815302078 -43457.96875 41600
1770815397785 -43430.171875 42400
1770815496754 -43443.515625 43200
1770815592503 -43435.96875 44000
1770815686610 -43529.234375 44800
1770815782493 -43561.234375 45600
1770815881716 -43500.078125 46400
1770815977763 -43450.46875 47200
1770816073567 -43507.984375 48000
1770816169601 -43498.625 48800
1770816265600 -43602.578125 49600
1770816361761 -43584.9375 50400
1770816458099 -43556.9375 51200
1770816554224 -43643.375 52000
1770816653296 -43603.921875 52800
1770816747966 -43617.171875 53600
1770816844286 -43593.578125 54400
1770816940247 -43640.84375 55200
1770817037719 -43563.953125 56000
1770817134123 -43550.625 56800
1770817231145 -43596.5625 57600
1770817325804 -43586.421875 58400
1770817422679 -43544.421875 59200
1770817518879 -43578.359375 60000
1770817618448 -43543.625 60800
1770817713240 -43642.828125 61600
1770817809892 -43646.296875 62400
1770817906773 -43628.140625 63200
1770818006363 -43575.46875 64000
1770818104430 -43528.25 64800
1770818205370 -43605.0 65600
1770818302037 -43564.875 66400
1770818398411 -43563.875 67200
1770818495264 -43519.265625 68000
1770818595287 -43527.421875 68800
1770818695145 -43536.40625 69600
1770818792122 -43611.09375 70400
1770818888920 -43568.140625 71200
1770818988852 -43549.875 72000
1770819088924 -43686.75 72800
1770819189183 -43696.390625 73600
1770819286085 -43676.453125 74400
1770819383356 -43726.6875 75200
1770819479918 -43707.4375 76000
1770819577419 -43753.328125 76800
1770819674751 -43779.703125 77600
1770819771683 -43815.171875 78400
1770819868899 -43791.15625 79200
1770819965867 -43820.75 80000
1770820063933 -43749.28125 80800
1770820161052 -43617.25 81600
1770820258299 -43748.375 82400
1770820356504 -43787.703125 83200
1770820453821 -43781.328125 84000
1770820549500 -43764.453125 84800
1770820650184 -43786.796875 85600
1770820750529 -43730.6875 86400
1770820848127 -43790.953125 87200
1770820948902 -43807.625 88000
1770821044549 -43874.59375 88800
1770821141475 -43943.9375 89600
1770821239261 -43885.0625 90400
1770821336684 -43830.921875 91200
1770821435240 -43859.28125 92000
1770821535754 -43835.359375 92800
1770821636839 -43801.203125 93600
1770821734534 -43869.5625 94400
1770821831878 -43893.140625 95200
1770821932344 -43929.421875 96000
1770822030839 -43947.421875 96800
1770822128620 -43999.671875 97600
1770822226661 -43870.03125 98400
1770822323017 -43877.890625 99200
1770822420597 -43850.421875 100000
