1770810448025 99.80038452148438 800
1770810541858 99.80238342285156 1600
1770810636719 99.80516052246094 2400
1770810731220 99.80497741699219 3200
1770810824126 99.80289459228516 4000
1770810918952 99.80631256103516 4800
1770811015257 99.80494689941406 5600
1770811108309 99.80607604980469 6400
1770811203040 99.80159759521484 7200
1770811298697 99.80113220214844 8000
1770811391846 99.8045883178711 8800
1770811486952 99.80146026611328 9600
1770811582800 99.80136108398438 10400
1770811675830 99.80489349365234 11200
1770811770371 99.79902648925781 12000
1770811865296 99.79544830322266 12800
1770811960088 99.7935791015625 13600
1770812054770 99.79325103759766 14400
1770812149805 99.794677734375 15200
1770812245954 99.79322814941406 16000
1770812344130 99.79178619384766 16800
1770812438969 99.79328155517578 17600
1770812534003 99.79328155517578 18400
1770812629207 99.79066467285156 19200
1770812727539 99.78968811035156 20000
1770812820866 99.79199981689453 20800
1770812914031 99.79131317138672 21600
1770813010029 99.79360961914062 22400
1770813105961 99.79129791259766 23200
1770813201972 99.79499053955078 24000
1770813297466 99.79119873046875 24800
1770813391009 99.79077911376953 25600
1770813486340 99.79257202148438 26400
1770813581635 99.78975677490234 27200
1770813677251 99.79218292236328 28000
1770813772253 99.79019927978516 28800
1770813865949 99.7907485961914 29600
1770813959791 99.79084014892578 30400
1770814055309 99.79004669189453 31200
1770814150864 99.7901840209961 32000
1770814246432 99.785400390625 32800
1770814342115 99.78949737548828 33600
1770814437755 99.7878189086914 34400
1770814533408 99.78972625732422 35200
1770814628836 99.78762817382812 36000
1770814723210 99.78681182861328 36800
1770814817074 99.79011535644531 37600
1770814912630 99.79005432128906 38400
1770815008452 99.79016876220703 39200
1770815105123 99.78822326660156 40000
1770815201782 99.7878646850586 40800
1770815302078 99.78775024414062 41600
1770815397785 99.78549194335938 42400
1770815496754 99.78797149658203 43200
1770815592503 99.78649139404297 44000
1770815686610 99.78824615478516 44800
1770815782493 99.7887191772461 45600
1770815881716 99.78692626953125 46400
1770815977763 99.78544616699219 47200
1770816073567 99.78787231445312 48000
1770816169601 99.78599548339844 48800
1770816265600 99.78718566894531 49600
1770816361761 99.7860107421875 50400
1770816458099 99.78651428222656 51200
1770816554224 99.78849029541016 52000
1770816653296 99.78355407714844 52800
1770816747966 99.78535461425781 53600
1770816844286 99.7853012084961 54400
1770816940247 99.78660583496094 55200
1770817037719 99.7817611694336 56000
1770817134123 99.783447265625 56800
1770817231145 99.78396606445312 57600
1770817325804 99.78166198730469 58400
1770817422679 99.7806167602539 59200
1770817518879 99.78221893310547 60000
1770817618448 99.78120422363281 60800
1770817713240 99.78618621826172 61600
1770817809892 99.78339385986328 62400
1770817906773 99.78361511230469 63200
1770818006363 99.7817611694336 64000
1770818104430 99.77980041503906 64800
1770818205370 99.78316497802734 65600
1770818302037 99.77952575683594 66400
1770818398411 99.77998352050781 67200
1770818495264 99.77474212646484 68000
1770818595287 99.77413177490234 68800
1770818695145 99.77782440185547 69600
1770818792122 99.78031921386719 70400
1770818888920 99.77799987792969 71200
1770818988852 99.7754135131836 72000
1770819088924 99.7811279296875 72800
1770819189183 99.77949523925781 73600
1770819286085 99.77658081054688 74400
1770819383356 99.7810287475586 75200
1770819479918 99.77472686767578 76000
1770819577419 99.77742004394531 76800
1770819674751 99.77672576904297 77600
1770819771683 99.77801513671875 78400
1770819868899 99.77581024169922 79200
1770819965867 99.77540588378906 80000
1770820063933 99.77257537841797 80800
1770820161052 99.76740264892578 81600
1770820258299 99.77536010742188 82400
1770820356504 99.77605438232422 83200
1770820453821 99.77295684814453 84000
1770820549500 99.77499389648438 84800
1770820650184 99.77560424804688 85600
1770820750529 99.77276611328125 86400
1770820848127 99.77487182617188 87200
1770820948902 99.77422332763672 88000
1770821044549 99.77845764160156 88800
1770821141475 99.77840423583984 89600
1770821239261 99.77568817138672 90400
1770821336684 99.77426147460938 91200
1770821435240 99.77827453613281 92000
1770821535754 99.77632904052734 92800
1770821636839 99.77598571777344 93600
1770821734534 99.77710723876953 94400
1770821831878 99.77489471435547 95200
1770821932344 99.77462005615234 96000
1770822030839 99.77622985839844 96800
1770822128620 99.77791595458984 97600
1770822226661 99.77432250976562 98400
1770822323017 99.77548217773438 99200
1770822420597 99.77323150634766 100000
