1770810448025 24016480.0 800
1770810541858 21812736.0 1600
1770810636719 19844174.0 2400
1770810731220 19160028.0 3200
1770810824126 19328342.0 4000
1770810918952 17161912.0 4800
1770811015257 17400324.0 5600
1770811108309 16223114.0 6400
1770811203040 16929522.0 7200
1770811298697 16844840.0 8000
1770811391846 14831444.0 8800
1770811486952 15675856.0 9600
1770811582800 15167171.0 10400
1770811675830 13980444.0 11200
1770811770371 15138641.0 12000
1770811865296 15276484.0 12800
1770811960088 15459546.0 13600
1770812054770 15464614.0 14400
1770812149805 14948292.0 15200
1770812245954 14871021.0 16000
1770812344130 15057228.0 16800
1770812438969 14410731.0 17600
1770812534003 14129274.0 18400
1770812629207 14655321.0 19200
1770812727539 14429599.0 20000
1770812820866 13807554.0 20800
1770812914031 14215654.0 21600
1770813010029 13762061.0 22400
1770813105961 14298697.0 23200
1770813201972 13299006.0 24000
1770813297466 13958719.0 24800
1770813391009 14182989.0 25600
1770813486340 13623780.0 26400
1770813581635 14157188.0 27200
1770813677251 13462410.0 28000
1770813772253 13700522.0 28800
1770813865949 13796570.0 29600
1770813959791 14018180.0 30400
1770814055309 14260380.0 31200
1770814150864 14165709.0 32000
1770814246432 15201392.0 32800
1770814342115 14020457.0 33600
1770814437755 14673286.0 34400
1770814533408 13857142.0 35200
1770814628836 14466332.0 36000
1770814723210 14704097.0 36800
1770814817074 13723683.0 37600
1770814912630 13728450.0 38400
1770815008452 13542142.0 39200
1770815105123 13834347.0 40000
1770815201782 13745963.0 40800
1770815302078 13760334.0 41600
1770815397785 14218106.0 42400
1770815496754 13818762.0 43200
1770815592503 14190751.0 44000
1770815686610 13745793.0 44800
1770815782493 13837879.0 45600
1770815881716 14128933.0 46400
1770815977763 14519642.0 47200
1770816073567 13617992.0 48000
1770816169601 14017270.0 48800
1770816265600 13825605.0 49600
1770816361761 14207397.0 50400
1770816458099 13975534.0 51200
1770816554224 13454856.0 52000
1770816653296 14503623.0 52800
1770816747966 13888527.0 53600
1770816844286 13909264.0 54400
1770816940247 13502436.0 55200
1770817037719 14716226.0 56000
1770817134123 14027769.0 56800
1770817231145 13930985.0 57600
1770817325804 14406528.0 58400
1770817422679 14659011.0 59200
1770817518879 14183077.0 60000
1770817618448 14136961.0 60800
1770817713240 13263115.0 61600
1770817809892 13862808.0 62400
1770817906773 13858950.0 63200
1770818006363 14244615.0 64000
1770818104430 14791149.0 64800
1770818205370 13912585.0 65600
1770818302037 14586531.0 66400
1770818398411 14231345.0 67200
1770818495264 15453029.0 68000
1770818595287 15630875.0 68800
1770818695145 14647722.0 69600
1770818792122 13977516.0 70400
1770818888920 14304125.0 71200
1770818988852 14712102.0 72000
1770819088924 13371901.0 72800
1770819189183 13815786.0 73600
1770819286085 14470096.0 74400
1770819383356 13373693.0 75200
1770819479918 14808546.0 76000
1770819577419 13880970.0 76800
1770819674751 14068932.0 77600
1770819771683 13845141.0 78400
1770819868899 14407555.0 79200
1770819965867 14376605.0 80000
1770820063933 15108244.0 80800
1770820161052 16862078.0 81600
1770820258299 14325855.0 82400
1770820356504 13975179.0 83200
1770820453821 15157669.0 84000
1770820549500 14597773.0 84800
1770820650184 14256576.0 85600
1770820750529 14995356.0 86400
1770820848127 14491009.0 87200
1770820948902 14841655.0 88000
1770821044549 13869505.0 88800
1770821141475 13717257.0 89600
1770821239261 14278022.0 90400
1770821336684 14627879.0 91200
1770821435240 13717658.0 92000
1770821535754 14064795.0 92800
1770821636839 14334370.0 93600
1770821734534 13830562.0 94400
1770821831878 14377378.0 95200
1770821932344 14556391.0 96000
1770822030839 14169962.0 96800
1770822128620 13687518.0 97600
1770822226661 14332635.0 98400
1770822323017 14080156.0 99200
1770822420597 14763032.0 100000
