1770810448025 2.14990234375 800
1770810541858 15.13214111328125 1600
1770810636719 21.748046875 2400
1770810731220 24.823486328125 3200
1770810824126 22.5341796875 4000
1770810918952 31.01141357421875 4800
1770811015257 29.4700927734375 5600
1770811108309 33.082763671875 6400
1770811203040 31.16741943359375 7200
1770811298697 32.2672119140625 8000
1770811391846 48.24169921875 8800
1770811486952 44.3173828125 9600
1770811582800 48.50714111328125 10400
1770811675830 59.7896728515625 11200
1770811770371 53.02239990234375 12000
1770811865296 48.75048828125 12800
1770811960088 47.617919921875 13600
1770812054770 46.91015625 14400
1770812149805 49.6778564453125 15200
1770812245954 50.8447265625 16000
1770812344130 50.652099609375 16800
1770812438969 52.59515380859375 17600
1770812534003 53.174072265625 18400
1770812629207 51.31378173828125 19200
1770812727539 52.40203857421875 20000
1770812820866 53.685546875 20800
1770812914031 53.899658203125 21600
1770813010029 56.923095703125 22400
1770813105961 53.00732421875 23200
1770813201972 57.81011962890625 24000
1770813297466 53.125244140625 24800
1770813391009 51.445068359375 25600
1770813486340 54.923828125 26400
1770813581635 53.4765625 27200
1770813677251 54.7889404296875 28000
1770813772253 52.74267578125 28800
1770813865949 53.205322265625 29600
1770813959791 50.8363037109375 30400
1770814055309 49.9718017578125 31200
1770814150864 48.65618896484375 32000
1770814246432 42.49371337890625 32800
1770814342115 47.1378173828125 33600
1770814437755 43.115966796875 34400
1770814533408 47.607421875 35200
1770814628836 43.42694091796875 36000
1770814723210 42.8253173828125 36800
1770814817074 47.3408203125 37600
1770814912630 47.0 38400
1770815008452 48.20947265625 39200
1770815105123 45.4833984375 40000
1770815201782 46.252197265625 40800
1770815302078 45.9979248046875 41600
1770815397785 41.466552734375 42400
1770815496754 45.324951171875 43200
1770815592503 40.525390625 44000
1770815686610 45.99267578125 44800
1770815782493 45.3641357421875 45600
1770815881716 44.545654296875 46400
1770815977763 40.9796142578125 47200
1770816073567 45.60888671875 48000
1770816169601 43.013916015625 48800
1770816265600 44.56353759765625 49600
1770816361761 42.36572265625 50400
1770816458099 42.65673828125 51200
1770816554224 46.3367919921875 52000
1770816653296 39.119140625 52800
1770816747966 41.3046875 53600
1770816844286 40.1768798828125 54400
1770816940247 45.628173828125 55200
1770817037719 38.780029296875 56000
1770817134123 38.60675048828125 56800
1770817231145 39.443115234375 57600
1770817325804 37.464599609375 58400
1770817422679 36.0303955078125 59200
1770817518879 36.927490234375 60000
1770817618448 36.376708984375 60800
1770817713240 39.9371337890625 61600
1770817809892 39.1016845703125 62400
1770817906773 38.4090576171875 63200
1770818006363 35.37774658203125 64000
1770818104430 31.740234375 64800
1770818205370 35.7506103515625 65600
1770818302037 31.53424072265625 66400
1770818398411 33.96630859375 67200
1770818495264 26.56201171875 68000
1770818595287 25.53955078125 68800
1770818695145 31.206787109375 69600
1770818792122 35.337158203125 70400
1770818888920 32.18408203125 71200
1770818988852 31.2332763671875 72000
1770819088924 36.922607421875 72800
1770819189183 35.59423828125 73600
1770819286085 33.264892578125 74400
1770819383356 37.1009521484375 75200
1770819479918 32.1790771484375 76000
1770819577419 35.09375 76800
1770819674751 34.48046875 77600
1770819771683 34.3541259765625 78400
1770819868899 32.074951171875 79200
1770819965867 31.73974609375 80000
1770820063933 25.875732421875 80800
1770820161052 11.9560546875 81600
1770820258299 30.514892578125 82400
1770820356504 33.5302734375 83200
1770820453821 25.5947265625 84000
1770820549500 28.482421875 84800
1770820650184 30.1053466796875 85600
1770820750529 24.6527099609375 86400
1770820848127 30.0274658203125 87200
1770820948902 26.088623046875 88000
1770821044549 33.9395751953125 88800
1770821141475 33.601318359375 89600
1770821239261 31.38671875 90400
1770821336684 30.328369140625 91200
1770821435240 33.232177734375 92000
1770821535754 31.29608154296875 92800
1770821636839 29.4451904296875 93600
1770821734534 32.0653076171875 94400
1770821831878 28.3126220703125 95200
1770821932344 27.7685546875 96000
1770822030839 29.1455078125 96800
1770822128620 32.43701171875 97600
1770822226661 27.807373046875 98400
1770822323017 28.592529296875 99200
1770822420597 23.071044921875 100000
