1770810448025 4586.46240234375 800
1770810541858 4380.62548828125 1600
1770810636719 4209.5087890625 2400
1770810731220 4105.3505859375 3200
1770810824126 4050.600830078125 4000
1770810918952 3890.191650390625 4800
1770811015257 3853.828857421875 5600
1770811108309 3766.634521484375 6400
1770811203040 3764.18994140625 7200
1770811298697 3728.37451171875 8000
1770811391846 3642.166748046875 8800
1770811486952 3646.6181640625 9600
1770811582800 3620.7099609375 10400
1770811675830 3587.209716796875 11200
1770811770371 3612.3857421875 12000
1770811865296 3621.850830078125 12800
1770811960088 3622.141845703125 13600
1770812054770 3617.58642578125 14400
1770812149805 3604.7890625 15200
1770812245954 3600.916015625 16000
1770812344130 3611.927001953125 16800
1770812438969 3602.322265625 17600
1770812534003 3599.16015625 18400
1770812629207 3609.681884765625 19200
1770812727539 3611.366455078125 20000
1770812820866 3603.30078125 20800
1770812914031 3614.060546875 21600
1770813010029 3608.64990234375 22400
1770813105961 3608.800537109375 23200
1770813201972 3597.016357421875 24000
1770813297466 3600.115234375 24800
1770813391009 3598.931396484375 25600
1770813486340 3587.90478515625 26400
1770813581635 3599.5537109375 27200
1770813677251 3596.06884765625 28000
1770813772253 3602.103515625 28800
1770813865949 3595.25390625 29600
1770813959791 3589.83642578125 30400
1770814055309 3597.5947265625 31200
1770814150864 3588.136962890625 32000
1770814246432 3604.607177734375 32800
1770814342115 3577.430419921875 33600
1770814437755 3583.774658203125 34400
1770814533408 3573.1484375 35200
1770814628836 3584.30517578125 36000
1770814723210 3587.1279296875 36800
1770814817074 3569.804931640625 37600
1770814912630 3563.3271484375 38400
1770815008452 3570.77490234375 39200
1770815105123 3573.50244140625 40000
1770815201782 3572.214599609375 40800
1770815302078 3570.95947265625 41600
1770815397785 3582.247314453125 42400
1770815496754 3576.9306640625 43200
1770815592503 3578.640869140625 44000
1770815686610 3576.156005859375 44800
1770815782493 3577.67431640625 45600
1770815881716 3573.844482421875 46400
1770815977763 3576.603515625 47200
1770816073567 3567.8291015625 48000
1770816169601 3572.572021484375 48800
1770816265600 3569.099365234375 49600
1770816361761 3566.791259765625 50400
1770816458099 3560.09716796875 51200
1770816554224 3560.99853515625 52000
1770816653296 3575.506591796875 52800
1770816747966 3564.70068359375 53600
1770816844286 3558.4326171875 54400
1770816940247 3562.622802734375 55200
1770817037719 3572.61279296875 56000
1770817134123 3561.0712890625 56800
1770817231145 3560.31591796875 57600
1770817325804 3570.295166015625 58400
1770817422679 3570.1845703125 59200
1770817518879 3561.500244140625 60000
1770817618448 3562.690673828125 60800
1770817713240 3538.94775390625 61600
1770817809892 3552.611083984375 62400
1770817906773 3548.686767578125 63200
1770818006363 3556.23388671875 64000
1770818104430 3568.765869140625 64800
1770818205370 3546.691162109375 65600
1770818302037 3565.109375 66400
1770818398411 3553.700439453125 67200
1770818495264 3589.540283203125 68000
1770818595287 3597.236328125 68800
1770818695145 3567.74609375 69600
1770818792122 3547.784423828125 70400
1770818888920 3558.842529296875 71200
1770818988852 3573.345703125 72000
1770819088924 3539.4404296875 72800
1770819189183 3542.95947265625 73600
1770819286085 3558.297119140625 74400
1770819383356 3534.010498046875 75200
1770819479918 3559.030517578125 76000
1770819577419 3542.52783203125 76800
1770819674751 3545.047607421875 77600
1770819771683 3536.048583984375 78400
1770819868899 3544.377685546875 79200
1770819965867 3547.08984375 80000
1770820063933 3563.5185546875 80800
1770820161052 3622.146484375 81600
1770820258299 3541.177978515625 82400
1770820356504 3532.506591796875 83200
1770820453821 3556.300537109375 84000
1770820549500 3543.940673828125 84800
1770820650184 3540.577392578125 85600
1770820750529 3564.0244140625 86400
1770820848127 3542.1201171875 87200
1770820948902 3545.689208984375 88000
1770821044549 3515.064697265625 88800
1770821141475 3516.791748046875 89600
1770821239261 3531.2490234375 90400
1770821336684 3538.933837890625 91200
1770821435240 3517.987548828125 92000
1770821535754 3525.369384765625 92800
1770821636839 3530.25244140625 93600
1770821734534 3517.38330078125 94400
1770821831878 3529.696533203125 95200
1770821932344 3534.814453125 96000
1770822030839 3524.364990234375 96800
1770822128620 3513.6748046875 97600
1770822226661 3533.568115234375 98400
1770822323017 3524.870361328125 99200
1770822420597 3545.603271484375 100000
