1770810448025 -769.1928100585938 800
1770810541858 -794.4879760742188 1600
1770810636719 -815.3532104492188 2400
1770810731220 -825.7841796875 3200
1770810824126 -830.0691528320312 4000
1770810918952 -858.2433471679688 4800
1770811015257 -866.08544921875 5600
1770811108309 -898.187255859375 6400
1770811203040 -895.270751953125 7200
1770811298697 -896.074462890625 8000
1770811391846 -939.1497802734375 8800
1770811486952 -933.045654296875 9600
1770811582800 -950.4913330078125 10400
1770811675830 -981.3745727539062 11200
1770811770371 -974.6780395507812 12000
1770811865296 -981.337646484375 12800
1770811960088 -978.8258666992188 13600
1770812054770 -979.1937866210938 14400
1770812149805 -979.1428833007812 15200
1770812245954 -978.5310668945312 16000
1770812344130 -988.6614990234375 16800
1770812438969 -1004.58984375 17600
1770812534003 -1013.1300048828125 18400
1770812629207 -1001.0095825195312 19200
1770812727539 -1013.2326049804688 20000
1770812820866 -1038.32763671875 20800
1770812914031 -1024.6600341796875 21600
1770813010029 -1030.9454345703125 22400
1770813105961 -1010.908203125 23200
1770813201972 -1044.9573974609375 24000
1770813297466 -1025.576171875 24800
1770813391009 -1016.9596557617188 25600
1770813486340 -1034.583984375 26400
1770813581635 -1023.9904174804688 27200
1770813677251 -1052.0643310546875 28000
1770813772253 -1045.4649658203125 28800
1770813865949 -1040.70849609375 29600
1770813959791 -1028.277099609375 30400
1770814055309 -1022.5022583007812 31200
1770814150864 -1024.117919921875 32000
1770814246432 -1007.491943359375 32800
1770814342115 -1024.258544921875 33600
1770814437755 -1006.5089111328125 34400
1770814533408 -1031.4158935546875 35200
1770814628836 -1018.5648193359375 36000
1770814723210 -1013.8875122070312 36800
1770814817074 -1035.6678466796875 37600
1770814912630 -1027.701416015625 38400
1770815008452 -1046.8861083984375 39200
1770815105123 -1041.300048828125 40000
1770815201782 -1043.407958984375 40800
1770815302078 -1039.5416259765625 41600
1770815397785 -1036.456787109375 42400
1770815496754 -1048.7945556640625 43200
1770815592503 -1030.7335205078125 44000
1770815686610 -1044.6392822265625 44800
1770815782493 -1039.2476806640625 45600
1770815881716 -1036.5479736328125 46400
1770815977763 -1032.18896484375 47200
1770816073567 -1052.633056640625 48000
1770816169601 -1050.24560546875 48800
1770816265600 -1049.178466796875 49600
1770816361761 -1031.5679931640625 50400
1770816458099 -1033.8250732421875 51200
1770816554224 -1051.7562255859375 52000
1770816653296 -1027.830078125 52800
1770816747966 -1039.7296142578125 53600
1770816844286 -1036.3309326171875 54400
1770816940247 -1052.06640625 55200
1770817037719 -1021.1995849609375 56000
1770817134123 -1030.6953125 56800
1770817231145 -1033.1240234375 57600
1770817325804 -1027.3526611328125 58400
1770817422679 -1020.2679443359375 59200
1770817518879 -1030.1146240234375 60000
1770817618448 -1026.78955078125 60800
1770817713240 -1038.660888671875 61600
1770817809892 -1034.3447265625 62400
1770817906773 -1034.9290771484375 63200
1770818006363 -1020.2372436523438 64000
1770818104430 -1011.8423461914062 64800
1770818205370 -1025.763427734375 65600
1770818302037 -1018.55126953125 66400
1770818398411 -1019.9281616210938 67200
1770818495264 -1007.2538452148438 68000
1770818595287 -1010.0465698242188 68800
1770818695145 -1019.7118530273438 69600
1770818792122 -1029.670166015625 70400
1770818888920 -1025.8497314453125 71200
1770818988852 -1022.8035888671875 72000
1770819088924 -1051.7027587890625 72800
1770819189183 -1033.8516845703125 73600
1770819286085 -1025.1746826171875 74400
1770819383356 -1046.8204345703125 75200
1770819479918 -1021.5999755859375 76000
1770819577419 -1038.6866455078125 76800
1770819674751 -1036.0615234375 77600
1770819771683 -1038.2576904296875 78400
1770819868899 -1024.736328125 79200
1770819965867 -1026.20263671875 80000
1770820063933 -1008.2094116210938 80800
1770820161052 -989.2623901367188 81600
1770820258299 -1018.5745239257812 82400
1770820356504 -1026.9127197265625 83200
1770820453821 -999.0515747070312 84000
1770820549500 -1007.5719604492188 84800
1770820650184 -1022.22412109375 85600
1770820750529 -1013.6721801757812 86400
1770820848127 -1017.3145141601562 87200
1770820948902 -1007.1150512695312 88000
1770821044549 -1011.65380859375 88800
1770821141475 -1020.27587890625 89600
1770821239261 -1016.4155883789062 90400
1770821336684 -1007.8991088867188 91200
1770821435240 -1028.460693359375 92000
1770821535754 -1020.176513671875 92800
1770821636839 -1008.969970703125 93600
1770821734534 -1015.2146606445312 94400
1770821831878 -1009.736083984375 95200
1770821932344 -1013.9105834960938 96000
1770822030839 -1019.0121459960938 96800
1770822128620 -1028.7071533203125 97600
1770822226661 -1018.4490966796875 98400
1770822323017 -1020.5897216796875 99200
1770822420597 -1013.2686767578125 100000
