1770810448025 2084.36962890625 800
1770810541858 2000.56591796875 1600
1770810636719 1932.140869140625 2400
1770810731220 1893.7393798828125 3200
1770810824126 1887.1029052734375 4000
1770810918952 1820.72900390625 4800
1770811015257 1828.705078125 5600
1770811108309 1792.6455078125 6400
1770811203040 1826.1141357421875 7200
1770811298697 1841.4122314453125 8000
1770811391846 1768.720947265625 8800
1770811486952 1828.300048828125 9600
1770811582800 1819.193603515625 10400
1770811675830 1779.26806640625 11200
1770811770371 1847.880615234375 12000
1770811865296 1843.1763916015625 12800
1770811960088 1862.857666015625 13600
1770812054770 1874.698974609375 14400
1770812149805 1831.59716796875 15200
1770812245954 1842.8836669921875 16000
1770812344130 1869.5302734375 16800
1770812438969 1835.4053955078125 17600
1770812534003 1820.0140380859375 18400
1770812629207 1847.98974609375 19200
1770812727539 1823.0394287109375 20000
1770812820866 1792.267333984375 20800
1770812914031 1842.67236328125 21600
1770813010029 1823.7215576171875 22400
1770813105961 1854.1878662109375 23200
1770813201972 1782.6224365234375 24000
1770813297466 1811.8785400390625 24800
1770813391009 1828.3785400390625 25600
1770813486340 1793.2442626953125 26400
1770813581635 1839.0142822265625 27200
1770813677251 1797.09423828125 28000
1770813772253 1815.20263671875 28800
1770813865949 1824.663818359375 29600
1770813959791 1840.2734375 30400
1770814055309 1870.0096435546875 31200
1770814150864 1843.4300537109375 32000
1770814246432 1907.5533447265625 32800
1770814342115 1809.823486328125 33600
1770814437755 1842.851806640625 34400
1770814533408 1795.8426513671875 35200
1770814628836 1832.7369384765625 36000
1770814723210 1859.2784423828125 36800
1770814817074 1804.8583984375 37600
1770814912630 1800.25048828125 38400
1770815008452 1794.7215576171875 39200
1770815105123 1806.58740234375 40000
1770815201782 1799.411865234375 40800
1770815302078 1805.5068359375 41600
1770815397785 1839.4755859375 42400
1770815496754 1814.0999755859375 43200
1770815592503 1834.07763671875 44000
1770815686610 1820.94482421875 44800
1770815782493 1837.8515625 45600
1770815881716 1839.760986328125 46400
1770815977763 1852.3583984375 47200
1770816073567 1800.5777587890625 48000
1770816169601 1822.663818359375 48800
1770816265600 1830.1962890625 49600
1770816361761 1851.8656005859375 50400
1770816458099 1826.5784912109375 51200
1770816554224 1801.8740234375 52000
1770816653296 1872.5643310546875 52800
1770816747966 1825.5494384765625 53600
1770816844286 1817.7615966796875 54400
1770816940247 1810.4964599609375 55200
1770817037719 1875.407470703125 56000
1770817134123 1824.7232666015625 56800
1770817231145 1830.137451171875 57600
1770817325804 1863.461669921875 58400
1770817422679 1866.4774169921875 59200
1770817518879 1841.0072021484375 60000
1770817618448 1823.3074951171875 60800
1770817713240 1770.025390625 61600
1770817809892 1821.779052734375 62400
1770817906773 1810.088134765625 63200
1770818006363 1834.538330078125 64000
1770818104430 1842.30810546875 64800
1770818205370 1801.9344482421875 65600
1770818302037 1833.1993408203125 66400
1770818398411 1815.9376220703125 67200
1770818495264 1891.78564453125 68000
1770818595287 1906.93798828125 68800
1770818695145 1833.2523193359375 69600
1770818792122 1802.15771484375 70400
1770818888920 1818.49072265625 71200
1770818988852 1854.2354736328125 72000
1770819088924 1772.208251953125 72800
1770819189183 1812.0440673828125 73600
1770819286085 1862.1827392578125 74400
1770819383356 1776.169189453125 75200
1770819479918 1877.0704345703125 76000
1770819577419 1810.501220703125 76800
1770819674751 1822.5555419921875 77600
1770819771683 1806.1942138671875 78400
1770819868899 1844.9805908203125 79200
1770819965867 1844.2384033203125 80000
1770820063933 1878.3016357421875 80800
1770820161052 1959.953369140625 81600
1770820258299 1816.2315673828125 82400
1770820356504 1794.2745361328125 83200
1770820453821 1876.7296142578125 84000
1770820549500 1835.1878662109375 84800
1770820650184 1810.1201171875 85600
1770820750529 1855.84619140625 86400
1770820848127 1837.2086181640625 87200
1770820948902 1854.1683349609375 88000
1770821044549 1795.5172119140625 88800
1770821141475 1799.4014892578125 89600
1770821239261 1832.7308349609375 90400
1770821336684 1852.7989501953125 91200
1770821435240 1792.045654296875 92000
1770821535754 1805.7669677734375 92800
1770821636839 1821.0877685546875 93600
1770821734534 1795.5079345703125 94400
1770821831878 1828.3785400390625 95200
1770821932344 1843.87939453125 96000
1770822030839 1820.8388671875 96800
1770822128620 1799.055908203125 97600
1770822226661 1815.7340087890625 98400
1770822323017 1791.435791015625 99200
1770822420597 1836.291748046875 100000
