1770810448025 1.1013202259301 800
1770810541858 1.0961290715052274 1600
1770810636719 1.0850773878884605 2400
1770810731220 1.095870696662016 3200
1770810824126 1.1084306848908492 4000
1770810918952 1.0922636931830836 4800
1770811015257 1.1116574244468895 5600
1770811108309 1.0941455379445582 6400
1770811203040 1.1181430542049449 7200
1770811298697 1.1272246435096835 8000
1770811391846 1.100203878549117 8800
1770811486952 1.1279081897801697 9600
1770811582800 1.124705938741095 10400
1770811675830 1.1094239518179716 11200
1770811770371 1.1319318334730673 12000
1770811865296 1.129336254117367 12800
1770811960088 1.1362637328211338 13600
1770812054770 1.1404485305703242 14400
1770812149805 1.1250369689411033 15200
1770812245954 1.1291508531071581 16000
1770812344130 1.1379688056378836 16800
1770812438969 1.1246390524710117 17600
1770812534003 1.1179837704663602 18400
1770812629207 1.1312761013650299 19200
1770812727539 1.1190845573724781 20000
1770812820866 1.10501044935993 20800
1770812914031 1.1260674968065294 21600
1770813010029 1.1221678882924546 22400
1770813105961 1.1358784708184853 23200
1770813201972 1.102118446383715 24000
1770813297466 1.1176742796942536 24800
1770813391009 1.1265741551384376 25600
1770813486340 1.1100522273349005 26400
1770813581635 1.1292231319364934 27200
1770813677251 1.1110871451604096 28000
1770813772253 1.1176204389598627 28800
1770813865949 1.1223396483567685 29600
1770813959791 1.1319392109203956 30400
1770814055309 1.1412057363850059 31200
1770814150864 1.1341542319792206 32000
1770814246432 1.1548587801339323 32800
1770814342115 1.1222191255052734 33600
1770814437755 1.13590407611913 34400
1770814533408 1.1155270265714508 35200
1770814628836 1.1284294867637548 36000
1770814723210 1.1405932823644638 36800
1770814817074 1.119623934287305 37600
1770814912630 1.1187335307676 38400
1770815008452 1.1123110389734547 39200
1770815105123 1.1172927988801125 40000
1770815201782 1.114795637250627 40800
1770815302078 1.1171465285708773 41600
1770815397785 1.1303665456646346 42400
1770815496754 1.1179200180560984 43200
1770815592503 1.1290550206091152 44000
1770815686610 1.1206623184934215 44800
1770815782493 1.1266580147917804 45600
1770815881716 1.1303545052059538 46400
1770815977763 1.133424370654255 47200
1770816073567 1.11197487917366 48000
1770816169601 1.1213562106723258 48800
1770816265600 1.125578371729441 49600
1770816361761 1.136398588321994 50400
1770816458099 1.1277950596346826 51200
1770816554224 1.1151009918372274 52000
1770816653296 1.1399260900212183 52800
1770816747966 1.1246265233423762 53600
1770816844286 1.1229909784175698 54400
1770816940247 1.1172629578608457 55200
1770817037719 1.1429531492152323 56000
1770817134123 1.126129805555307 56800
1770817231145 1.126451686101309 57600
1770817325804 1.1391676985805186 58400
1770817422679 1.140299355419333 59200
1770817518879 1.1304449062947846 60000
1770817618448 1.126014334561127 60800
1770817713240 1.1051035270538603 61600
1770817809892 1.124591612238483 62400
1770817906773 1.119010241571094 63200
1770818006363 1.1283005686274847 64000
1770818104430 1.1299955518419007 64800
1770818205370 1.1149939912901794 65600
1770818302037 1.126734445140967 66400
1770818398411 1.1220066546551861 67200
1770818495264 1.1419672375074534 68000
1770818595287 1.1477558579285794 68800
1770818695145 1.1235775221640734 69600
1770818792122 1.116407616447153 70400
1770818888920 1.1209608722758693 71200
1770818988852 1.1302528725517633 72000
1770819088924 1.102380350999769 72800
1770819189183 1.120918827502774 73600
1770819286085 1.1391730848956985 74400
1770819383356 1.1068163664954038 75200
1770819479918 1.142747726687887 76000
1770819577419 1.1210242166462696 76800
1770819674751 1.125022019175904 77600
1770819771683 1.1208524698966442 78400
1770819868899 1.1320480319399353 79200
1770819965867 1.1317790960767713 80000
1770820063933 1.1424259355857629 80800
1770820161052 1.159235295797467 81600
1770820258299 1.1209661086558131 82400
1770820356504 1.114214083625919 83200
1770820453821 1.1414686359900552 84000
1770820549500 1.1273066459813441 84800
1770820650184 1.1179896260209352 85600
1770820750529 1.1333396877026591 86400
1770820848127 1.1287881548945469 87200
1770820948902 1.1349972690854402 88000
1770821044549 1.1203169165901803 88800
1770821141475 1.1202040979481096 89600
1770821239261 1.1305250030639913 90400
1770821336684 1.1370604692613018 91200
1770821435240 1.116148605759377 92000
1770821535754 1.1202904890822005 92800
1770821636839 1.126157629086299 93600
1770821734534 1.1193691832250117 94400
1770821831878 1.1277316838717297 95200
1770821932344 1.1344232183301366 96000
1770822030839 1.12754272790828 96800
1770822128620 1.1201889594776488 97600
1770822226661 1.1235216649326767 98400
1770822323017 1.115410038426932 99200
1770822420597 1.1288697338468336 100000
