1770810448025 91714.828125 800
1770810541858 88925.5234375 1600
1770810636719 86110.5 2400
1770810731220 84937.0546875 3200
1770810824126 84927.578125 4000
1770810918952 81214.2578125 4800
1770811015257 81321.5625 5600
1770811108309 78837.109375 6400
1770811203040 79716.015625 7200
1770811298697 79141.1953125 8000
1770811391846 74710.6796875 8800
1770811486952 75934.21875 9600
1770811582800 74497.46875 10400
1770811675830 71106.765625 11200
1770811770371 73576.8671875 12000
1770811865296 73947.90625 12800
1770811960088 74046.59375 13600
1770812054770 73778.3984375 14400
1770812149805 72962.265625 15200
1770812245954 72290.1953125 16000
1770812344130 72152.703125 16800
1770812438969 70407.21875 17600
1770812534003 69511.2109375 18400
1770812629207 70878.8125 19200
1770812727539 70419.53125 20000
1770812820866 68304.609375 20800
1770812914031 68853.1953125 21600
1770813010029 67175.3671875 22400
1770813105961 69002.96875 23200
1770813201972 65783.546875 24000
1770813297466 68546.1953125 24800
1770813391009 69230.421875 25600
1770813486340 67510.921875 26400
1770813581635 68783.5390625 27200
1770813677251 66282.3203125 28000
1770813772253 67013.5078125 28800
1770813865949 67423.953125 29600
1770813959791 68249.9375 30400
1770814055309 68557.4375 31200
1770814150864 68824.0390625 32000
1770814246432 71351.4140625 32800
1770814342115 69084.6328125 33600
1770814437755 71031.859375 34400
1770814533408 68700.421875 35200
1770814628836 70358.4140625 36000
1770814723210 70700.8359375 36800
1770814817074 67873.90625 37600
1770814912630 68123.25 38400
1770815008452 67094.5625 39200
1770815105123 68229.71875 40000
1770815201782 67969.515625 40800
1770815302078 67919.484375 41600
1770815397785 69012.953125 42400
1770815496754 67852.4921875 43200
1770815592503 69056.8359375 44000
1770815686610 67282.7109375 44800
1770815782493 67315.0859375 45600
1770815881716 68681.3203125 46400
1770815977763 70030.875 47200
1770816073567 67256.140625 48000
1770816169601 68553.140625 48800
1770816265600 67521.8359375 49600
1770816361761 68818.3125 50400
1770816458099 68461.953125 51200
1770816554224 66432.515625 52000
1770816653296 69383.8203125 52800
1770816747966 67932.296875 53600
1770816844286 68321.9375 54400
1770816940247 66395.625 55200
1770817037719 70187.421875 56000
1770817134123 68579.84375 56800
1770817231145 68019.21875 57600
1770817325804 69131.4921875 58400
1770817422679 70112.296875 59200
1770817518879 68828.171875 60000
1770817618448 68983.3828125 60800
1770817713240 66501.171875 61600
1770817809892 67925.53125 62400
1770817906773 68230.8046875 63200
1770818006363 69255.7578125 64000
1770818104430 71165.296875 64800
1770818205370 68711.828125 65600
1770818302037 70549.8203125 66400
1770818398411 69621.375 67200
1770818495264 72199.2890625 68000
1770818595287 72410.109375 68800
1770818695145 70732.0625 69600
1770818792122 68900.546875 70400
1770818888920 69759.640625 71200
1770818988852 70364.7734375 72000
1770819088924 66834.1171875 72800
1770819189183 67943.1875 73600
1770819286085 69370.53125 74400
1770819383356 66784.421875 75200
1770819479918 70405.84375 76000
1770819577419 68237.375 76800
1770819674751 68764.8515625 77600
1770819771683 68294.8984375 78400
1770819868899 69679.3125 79200
1770819965867 69519.5625 80000
1770820063933 71455.3515625 80800
1770820161052 75152.7578125 81600
1770820258299 70123.28125 82400
1770820356504 69248.7890625 83200
1770820453821 71783.2734375 84000
1770820549500 70713.46875 84800
1770820650184 69944.6953125 85600
1770820750529 71540.53125 86400
1770820848127 70214.515625 87200
1770820948902 71185.421875 88000
1770821044549 68981.75 88800
1770821141475 68113.8125 89600
1770821239261 69562.3203125 90400
1770821336684 70453.8125 91200
1770821435240 68328.4140625 92000
1770821535754 69402.140625 92800
1770821636839 70132.6953125 93600
1770821734534 68733.8359375 94400
1770821831878 70107.703125 95200
1770821932344 70406.7734375 96000
1770822030839 69495.046875 96800
1770822128620 68019.6171875 97600
1770822226661 70144.7578125 98400
1770822323017 69822.921875 99200
1770822420597 71303.609375 100000
