1770810448025 -8.113910675048828 800
1770810541858 -7.3807878494262695 1600
1770810636719 -6.458601951599121 2400
1770810731220 -6.0864176750183105 3200
1770810824126 -6.1708831787109375 4000
1770810918952 -4.904175758361816 4800
1770811015257 -4.811332702636719 5600
1770811108309 -4.103951454162598 6400
1770811203040 -4.356015682220459 7200
1770811298697 -3.9830076694488525 8000
1770811391846 -2.7141268253326416 8800
1770811486952 -2.873891592025757 9600
1770811582800 -2.3470406532287598 10400
1770811675830 -1.224485158920288 11200
1770811770371 -1.984169840812683 12000
1770811865296 -2.236729383468628 12800
1770811960088 -2.1784393787384033 13600
1770812054770 -1.9980072975158691 14400
1770812149805 -1.935365080833435 15200
1770812245954 -1.62734055519104 16000
1770812344130 -1.5006165504455566 16800
1770812438969 -0.9231916666030884 17600
1770812534003 -0.7019835114479065 18400
1770812629207 -1.2407300472259521 19200
1770812727539 -1.2506515979766846 20000
1770812820866 -0.6354889273643494 20800
1770812914031 -0.5198090672492981 21600
1770813010029 0.05973930284380913 22400
1770813105961 -0.48307856917381287 23200
1770813201972 0.3273351490497589 24000
1770813297466 -0.5796392560005188 24800
1770813391009 -0.6970424652099609 25600
1770813486340 -0.26391470432281494 26400
1770813581635 -0.5482096672058105 27200
1770813677251 0.13433007895946503 28000
1770813772253 -0.10629310458898544 28800
1770813865949 -0.17589911818504333 29600
1770813959791 -0.40105316042900085 30400
1770814055309 -0.3371003270149231 31200
1770814150864 -0.6162940263748169 32000
1770814246432 -1.3736183643341064 32800
1770814342115 -0.8866782188415527 33600
1770814437755 -1.5733219385147095 34400
1770814533408 -0.8733994960784912 35200
1770814628836 -1.4218599796295166 36000
1770814723210 -1.434531569480896 36800
1770814817074 -0.5621318221092224 37600
1770814912630 -0.6023789048194885 38400
1770815008452 -0.41246429085731506 39200
1770815105123 -0.792919397354126 40000
1770815201782 -0.7517990469932556 40800
1770815302078 -0.6590897440910339 41600
1770815397785 -0.9800601005554199 42400
1770815496754 -0.6824547648429871 43200
1770815592503 -1.0397090911865234 44000
1770815686610 -0.4723232388496399 44800
1770815782493 -0.4234561324119568 45600
1770815881716 -0.8867121338844299 46400
1770815977763 -1.4237414598464966 47200
1770816073567 -0.6136571764945984 48000
1770816169601 -1.0412805080413818 48800
1770816265600 -0.5898547768592834 49600
1770816361761 -0.9754366874694824 50400
1770816458099 -0.9145155549049377 51200
1770816554224 -0.35690534114837646 52000
1770816653296 -1.1633610725402832 52800
1770816747966 -0.81787109375 53600
1770816844286 -0.9661280512809753 54400
1770816940247 -0.30033043026924133 55200
1770817037719 -1.5084477663040161 56000
1770817134123 -1.1156980991363525 56800
1770817231145 -0.8379870057106018 57600
1770817325804 -1.1811778545379639 58400
1770817422679 -1.5641735792160034 59200
1770817518879 -1.1330595016479492 60000
1770817618448 -1.2721383571624756 60800
1770817713240 -0.4307425022125244 61600
1770817809892 -0.861242949962616 62400
1770817906773 -1.0693130493164062 63200
1770818006363 -1.3735020160675049 64000
1770818104430 -2.173266887664795 64800
1770818205370 -1.327866792678833 65600
1770818302037 -1.9942094087600708 66400
1770818398411 -1.6515980958938599 67200
1770818495264 -2.52565860748291 68000
1770818595287 -2.6043872833251953 68800
1770818695145 -2.142178773880005 69600
1770818792122 -1.5092298984527588 70400
1770818888920 -1.8208835124969482 71200
1770818988852 -1.9096400737762451 72000
1770819088924 -0.8084234595298767 72800
1770819189183 -0.9843973517417908 73600
1770819286085 -1.398443579673767 74400
1770819383356 -0.7828546762466431 75200
1770819479918 -1.7350044250488281 76000
1770819577419 -1.2453869581222534 76800
1770819674751 -1.3802320957183838 77600
1770819771683 -1.2593762874603271 78400
1770819868899 -1.6560379266738892 79200
1770819965867 -1.6315354108810425 80000
1770820063933 -2.264935255050659 80800
1770820161052 -3.590658187866211 81600
1770820258299 -2.0156843662261963 82400
1770820356504 -1.7461037635803223 83200
1770820453821 -2.3616092205047607 84000
1770820549500 -2.1892075538635254 84800
1770820650184 -1.971348524093628 85600
1770820750529 -2.4909098148345947 86400
1770820848127 -1.9148731231689453 87200
1770820948902 -2.315242290496826 88000
1770821044549 -1.4861193895339966 88800
1770821141475 -1.218308925628662 89600
1770821239261 -1.6973555088043213 90400
1770821336684 -1.994517207145691 91200
1770821435240 -1.374603509902954 92000
1770821535754 -1.7404558658599854 92800
1770821636839 -2.028498888015747 93600
1770821734534 -1.4451560974121094 94400
1770821831878 -1.9026669263839722 95200
1770821932344 -2.006074905395508 96000
1770822030839 -1.7319265604019165 96800
1770822128620 -1.2335668802261353 97600
1770822226661 -2.1109619140625 98400
1770822323017 -2.0387871265411377 99200
1770822420597 -2.3930835723876953 100000
