1770810448025 0.9983989000320435 800
1770810541858 0.9976310729980469 1600
1770810636719 0.9972330927848816 2400
1770810731220 0.996210515499115 3200
1770810824126 0.9949808120727539 4000
1770810918952 0.9948874711990356 4800
1770811015257 0.9932354688644409 5600
1770811108309 0.9920692443847656 6400
1770811203040 0.9914501309394836 7200
1770811298697 0.9909074306488037 8000
1770811391846 0.9902923107147217 8800
1770811486952 0.9896003603935242 9600
1770811582800 0.9890633225440979 10400
1770811675830 0.9886318445205688 11200
1770811770371 0.9877102971076965 12000
1770811865296 0.9872180819511414 12800
1770811960088 0.9866843223571777 13600
1770812054770 0.9863703846931458 14400
1770812149805 0.9866149425506592 15200
1770812245954 0.9864804148674011 16000
1770812344130 0.9858483076095581 16800
1770812438969 0.9857296347618103 17600
1770812534003 0.9853553175926208 18400
1770812629207 0.9850730895996094 19200
1770812727539 0.9847833514213562 20000
1770812820866 0.9840745329856873 20800
1770812914031 0.9839222431182861 21600
1770813010029 0.9838055968284607 22400
1770813105961 0.9835017323493958 23200
1770813201972 0.9833546280860901 24000
1770813297466 0.9831209182739258 24800
1770813391009 0.9827371835708618 25600
1770813486340 0.9822306632995605 26400
1770813581635 0.9816300272941589 27200
1770813677251 0.9811727404594421 28000
1770813772253 0.9811530709266663 28800
1770813865949 0.9806463718414307 29600
1770813959791 0.9805004596710205 30400
1770814055309 0.9802350997924805 31200
1770814150864 0.9799742698669434 32000
1770814246432 0.9793475270271301 32800
1770814342115 0.9794146418571472 33600
1770814437755 0.979041337966919 34400
1770814533408 0.9788454174995422 35200
1770814628836 0.9783254861831665 36000
1770814723210 0.9780107736587524 36800
1770814817074 0.977814257144928 37600
1770814912630 0.9774879813194275 38400
1770815008452 0.9770694971084595 39200
1770815105123 0.9768275022506714 40000
1770815201782 0.9763873815536499 40800
1770815302078 0.9760746955871582 41600
1770815397785 0.975633442401886 42400
1770815496754 0.9756107926368713 43200
1770815592503 0.9755813479423523 44000
1770815686610 0.9754248857498169 44800
1770815782493 0.9751189351081848 45600
1770815881716 0.9745856523513794 46400
1770815977763 0.9741449952125549 47200
1770816073567 0.9739375710487366 48000
1770816169601 0.9734690189361572 48800
1770816265600 0.9732198715209961 49600
1770816361761 0.9729778170585632 50400
1770816458099 0.9728119373321533 51200
1770816554224 0.9726312160491943 52000
1770816653296 0.972213089466095 52800
1770816747966 0.9719975590705872 53600
1770816844286 0.971472442150116 54400
1770816940247 0.97103351354599 55200
1770817037719 0.9708135724067688 56000
1770817134123 0.9707896113395691 56800
1770817231145 0.9702906608581543 57600
1770817325804 0.9698994755744934 58400
1770817422679 0.9695520401000977 59200
1770817518879 0.9694567322731018 60000
1770817618448 0.9695027470588684 60800
1770817713240 0.9692966938018799 61600
1770817809892 0.9688987135887146 62400
1770817906773 0.9686393141746521 63200
1770818006363 0.9686753749847412 64000
1770818104430 0.9685194492340088 64800
1770818205370 0.9685038328170776 65600
1770818302037 0.9680788516998291 66400
1770818398411 0.9678261280059814 67200
1770818495264 0.9675623774528503 68000
1770818595287 0.9673557281494141 68800
1770818695145 0.9672524333000183 69600
1770818792122 0.9670749306678772 70400
1770818888920 0.9668049812316895 71200
1770818988852 0.9663134813308716 72000
1770819088924 0.966358482837677 72800
1770819189183 0.9659256339073181 73600
1770819286085 0.9653562307357788 74400
1770819383356 0.9652894139289856 75200
1770819479918 0.9645326733589172 76000
1770819577419 0.9645979404449463 76800
1770819674751 0.9644643664360046 77600
1770819771683 0.9641481041908264 78400
1770819868899 0.9638680219650269 79200
1770819965867 0.9638637900352478 80000
1770820063933 0.9635797142982483 80800
1770820161052 0.9631086587905884 81600
1770820258299 0.963242769241333 82400
1770820356504 0.9630002379417419 83200
1770820453821 0.9629125595092773 84000
1770820549500 0.962835431098938 84800
1770820650184 0.9625570774078369 85600
1770820750529 0.962235152721405 86400
1770820848127 0.9618557691574097 87200
1770820948902 0.961635947227478 88000
1770821044549 0.9616239666938782 88800
1770821141475 0.9613169431686401 89600
1770821239261 0.9607203006744385 90400
1770821336684 0.9604988694190979 91200
1770821435240 0.9604900479316711 92000
1770821535754 0.960286557674408 92800
1770821636839 0.9602263569831848 93600
1770821734534 0.9599002003669739 94400
1770821831878 0.959317684173584 95200
1770821932344 0.9588658213615417 96000
1770822030839 0.958773136138916 96800
1770822128620 0.9585046172142029 97600
1770822226661 0.9583666324615479 98400
1770822323017 0.9582104086875916 99200
1770822420597 0.958059549331665 100000
