1770810448025 0.004093244671821594 800
1770810541858 0.003578128991648555 1600
1770810636719 0.002850170014426112 2400
1770810731220 0.002047239802777767 3200
1770810824126 0.0013659413671121001 4000
1770810918952 0.0007494008168578148 4800
1770811015257 -0.00011412962339818478 5600
1770811108309 -0.0007301350706256926 6400
1770811203040 -0.0010324538452550769 7200
1770811298697 -0.0017126984894275665 8000
1770811391846 -0.0018914439715445042 8800
1770811486952 -0.002581713255494833 9600
1770811582800 -0.0028463932685554028 10400
1770811675830 -0.003109041601419449 11200
1770811770371 -0.0033955839462578297 12000
1770811865296 -0.0031434092670679092 12800
1770811960088 -0.003294769674539566 13600
1770812054770 -0.003472005482763052 14400
1770812149805 -0.0033686221577227116 15200
1770812245954 -0.003617182606831193 16000
1770812344130 -0.003874860005453229 16800
1770812438969 -0.003802139312028885 17600
1770812534003 -0.003753981087356806 18400
1770812629207 -0.0036728514824062586 19200
1770812727539 -0.003405663650482893 20000
1770812820866 -0.0033580397721379995 20800
1770812914031 -0.00386242289096117 21600
1770813010029 -0.0041914209723472595 22400
1770813105961 -0.004096816759556532 23200
1770813201972 -0.0038471664302051067 24000
1770813297466 -0.0037143502850085497 24800
1770813391009 -0.0039248839020729065 25600
1770813486340 -0.003828078508377075 26400
1770813581635 -0.004041497595608234 27200
1770813677251 -0.003857410280033946 28000
1770813772253 -0.003895045956596732 28800
1770813865949 -0.003992173355072737 29600
1770813959791 -0.004078986123204231 30400
1770814055309 -0.004356773570179939 31200
1770814150864 -0.004096472170203924 32000
1770814246432 -0.00422485638409853 32800
1770814342115 -0.003716692328453064 33600
1770814437755 -0.0037747679743915796 34400
1770814533408 -0.003469519317150116 35200
1770814628836 -0.0035162337590008974 36000
1770814723210 -0.0036919759586453438 36800
1770814817074 -0.0037174050230532885 37600
1770814912630 -0.0037031311076134443 38400
1770815008452 -0.0035085573326796293 39200
1770815105123 -0.0034007623326033354 40000
1770815201782 -0.003276286879554391 40800
1770815302078 -0.0033690796699374914 41600
1770815397785 -0.00337855308316648 42400
1770815496754 -0.0032182626891881227 43200
1770815592503 -0.003148369025439024 44000
1770815686610 -0.003240496851503849 44800
1770815782493 -0.0034186518751084805 45600
1770815881716 -0.0032577456440776587 46400
1770815977763 -0.0031600366346538067 47200
1770816073567 -0.00305904820561409 48000
1770816169601 -0.002997669856995344 48800
1770816265600 -0.003301614196971059 49600
1770816361761 -0.003374731168150902 50400
1770816458099 -0.0031349784694612026 51200
1770816554224 -0.002960517769679427 52000
1770816653296 -0.0031725952867418528 52800
1770816747966 -0.0029249887447804213 53600
1770816844286 -0.0028304692823439837 54400
1770816940247 -0.0029847598634660244 55200
1770817037719 -0.002941674552857876 56000
1770817134123 -0.0026121356058865786 56800
1770817231145 -0.002669884590432048 57600
1770817325804 -0.0026533366180956364 58400
1770817422679 -0.0025755513925105333 59200
1770817518879 -0.002531115198507905 60000
1770817618448 -0.002206520875915885 60800
1770817713240 -0.002198828151449561 61600
1770817809892 -0.002363946521654725 62400
1770817906773 -0.0021322504617273808 63200
1770818006363 -0.0021556292194873095 64000
1770818104430 -0.001845447695814073 64800
1770818205370 -0.0018932368839159608 65600
1770818302037 -0.001630768645554781 66400
1770818398411 -0.0017221927409991622 67200
1770818495264 -0.0016418865416198969 68000
1770818595287 -0.0015596727607771754 68800
1770818695145 -0.0012977068545296788 69600
1770818792122 -0.0013855037977918983 70400
1770818888920 -0.0012648121919482946 71200
1770818988852 -0.0014223582111299038 72000
1770819088924 -0.001176870777271688 72800
1770819189183 -0.0013707296457141638 73600
1770819286085 -0.001499618636444211 74400
1770819383356 -0.0011025870917364955 75200
1770819479918 -0.0014177992707118392 76000
1770819577419 -0.0011023890692740679 76800
1770819674751 -0.001058161840774119 77600
1770819771683 -0.0009547218214720488 78400
1770819868899 -0.0010766943451017141 79200
1770819965867 -0.0009644798701629043 80000
1770820063933 -0.0009459779248572886 80800
1770820161052 -0.0007052284781821072 81600
1770820258299 -0.000507728720549494 82400
1770820356504 -0.0003772083728108555 83200
1770820453821 -0.0006918152212165296 84000
1770820549500 -0.0004199514223728329 84800
1770820650184 -0.0001126370916608721 85600
1770820750529 -9.752073674462736e-05 86400
1770820848127 -0.00031561183277517557 87200
1770820948902 -0.0002959645935334265 88000
1770821044549 -0.00025704369181767106 88800
1770821141475 -0.00021257481421343982 89600
1770821239261 -0.00020496144134085625 90400
1770821336684 -0.00012968559167347848 91200
1770821435240 0.00011276607983745635 92000
1770821535754 0.000135428985231556 92800
1770821636839 0.00011025920684915036 93600
1770821734534 0.00012684550893027335 94400
1770821831878 0.00015857021207921207 95200
1770821932344 0.0002012979966821149 96000
1770822030839 0.00028823199681937695 96800
1770822128620 0.00030300600337795913 97600
1770822226661 0.0006852399092167616 98400
1770822323017 0.0008941348642110825 99200
1770822420597 0.0008561158319935203 100000
