1770810448025 1109.1844482421875 800
1770810541858 1024.638671875 1600
1770810636719 910.5520629882812 2400
1770810731220 965.6985473632812 3200
1770810824126 1113.3951416015625 4000
1770810918952 934.4918212890625 4800
1770811015257 1072.2734375 5600
1770811108309 980.9959716796875 6400
1770811203040 1155.5867919921875 7200
1770811298697 1217.52099609375 8000
1770811391846 944.4249267578125 8800
1770811486952 1163.2943115234375 9600
1770811582800 1119.9847412109375 10400
1770811675830 924.557861328125 11200
1770811770371 1167.2796630859375 12000
1770811865296 1165.0535888671875 12800
1770811960088 1216.2825927734375 13600
1770812054770 1240.6005859375 14400
1770812149805 1136.387451171875 15200
1770812245954 1153.43359375 16000
1770812344130 1201.887939453125 16800
1770812438969 1083.5648193359375 17600
1770812534003 1023.692626953125 18400
1770812629207 1126.218017578125 19200
1770812727539 1052.0458984375 20000
1770812820866 913.23388671875 20800
1770812914031 1055.2255859375 21600
1770813010029 969.056884765625 22400
1770813105961 1098.952392578125 23200
1770813201972 823.0996704101562 24000
1770813297466 988.0974731445312 24800
1770813391009 1053.4508056640625 25600
1770813486340 923.5115356445312 26400
1770813581635 1066.5655517578125 27200
1770813677251 888.507080078125 28000
1770813772253 951.5140380859375 28800
1770813865949 996.845703125 29600
1770813959791 1065.1824951171875 30400
1770814055309 1134.303955078125 31200
1770814150864 1090.4117431640625 32000
1770814246432 1278.2855224609375 32800
1770814342115 1028.7171630859375 33600
1770814437755 1154.7469482421875 34400
1770814533408 985.5693359375 35200
1770814628836 1110.0452880859375 36000
1770814723210 1174.331787109375 36800
1770814817074 988.3388671875 37600
1770814912630 995.07958984375 38400
1770815008452 940.1648559570312 39200
1770815105123 997.3218383789062 40000
1770815201782 974.0833129882812 40800
1770815302078 991.6492919921875 41600
1770815397785 1090.8421630859375 42400
1770815496754 1002.09912109375 43200
1770815592503 1083.6231689453125 44000
1770815686610 1008.5648803710938 44800
1770815782493 1050.8944091796875 45600
1770815881716 1091.8035888671875 46400
1770815977763 1149.2535400390625 47200
1770816073567 962.0484008789062 48000
1770816169601 1044.379638671875 48800
1770816265600 1042.4375 49600
1770816361761 1128.9185791015625 50400
1770816458099 1069.5906982421875 51200
1770816554224 954.0643310546875 52000
1770816653296 1180.3018798828125 52800
1770816747966 1047.77587890625 53600
1770816844286 1046.2158203125 54400
1770816940247 974.2005615234375 55200
1770817037719 1208.713134765625 56000
1770817134123 1067.9697265625 56800
1770817231145 1067.4761962890625 57600
1770817325804 1160.462890625 58400
1770817422679 1190.8697509765625 59200
1770817518879 1110.518798828125 60000
1770817618448 1072.610595703125 60800
1770817713240 897.1774291992188 61600
1770817809892 1051.20703125 62400
1770817906773 1034.7840576171875 63200
1770818006363 1111.5850830078125 64000
1770818104430 1165.447509765625 64800
1770818205370 1030.104248046875 65600
1770818302037 1132.3790283203125 66400
1770818398411 1081.5679931640625 67200
1770818495264 1273.8865966796875 68000
1770818595287 1299.12353515625 68800
1770818695145 1132.1927490234375 69600
1770818792122 1031.738525390625 70400
1770818888920 1082.3209228515625 71200
1770818988852 1162.313232421875 72000
1770819088924 902.185302734375 72800
1770819189183 1036.501220703125 73600
1770819286085 1170.1563720703125 74400
1770819383356 923.9014282226562 75200
1770819479918 1224.53955078125 76000
1770819577419 1040.5838623046875 76800
1770819674751 1079.4871826171875 77600
1770819771683 1039.218505859375 78400
1770819868899 1153.4156494140625 79200
1770819965867 1144.487548828125 80000
1770820063933 1249.0550537109375 80800
1770820161052 1447.6600341796875 81600
1770820258299 1103.9796142578125 82400
1770820356504 1037.176025390625 83200
1770820453821 1258.8917236328125 84000
1770820549500 1158.2164306640625 84800
1770820650184 1084.4073486328125 85600
1770820750529 1201.916259765625 86400
1770820848127 1150.7691650390625 87200
1770820948902 1208.339111328125 88000
1770821044549 1057.6695556640625 88800
1770821141475 1041.2337646484375 89600
1770821239261 1136.5362548828125 90400
1770821336684 1193.585693359375 91200
1770821435240 1022.787841796875 92000
1770821535754 1076.3289794921875 92800
1770821636839 1125.781494140625 93600
1770821734534 1045.7431640625 94400
1770821831878 1142.00537109375 95200
1770821932344 1175.4334716796875 96000
1770822030839 1113.372802734375 96800
1770822128620 1035.88525390625 97600
1770822226661 1105.3831787109375 98400
1770822323017 1049.6658935546875 99200
1770822420597 1165.201416015625 100000
