1770810448025 0.9981000423431396 800
1770810541858 0.9993353486061096 1600
1770810636719 0.999502956867218 2400
1770810731220 0.9999867081642151 3200
1770810824126 1.0005223751068115 4000
1770810918952 1.0012472867965698 4800
1770811015257 1.001655101776123 5600
1770811108309 1.002203106880188 6400
1770811203040 1.0030163526535034 7200
1770811298697 1.0034033060073853 8000
1770811391846 1.0037016868591309 8800
1770811486952 1.0045230388641357 9600
1770811582800 1.0049210786819458 10400
1770811675830 1.0052419900894165 11200
1770811770371 1.0052800178527832 12000
1770811865296 1.0053199529647827 12800
1770811960088 1.0057162046432495 13600
1770812054770 1.0057340860366821 14400
1770812149805 1.005674958229065 15200
1770812245954 1.0057932138442993 16000
1770812344130 1.0063971281051636 16800
1770812438969 1.0066426992416382 17600
1770812534003 1.007240653038025 18400
1770812629207 1.0074896812438965 19200
1770812727539 1.0079513788223267 20000
1770812820866 1.0078423023223877 20800
1770812914031 1.0090981721878052 21600
1770813010029 1.0091952085494995 22400
1770813105961 1.0095646381378174 23200
1770813201972 1.0096653699874878 24000
1770813297466 1.0097730159759521 24800
1770813391009 1.0098220109939575 25600
1770813486340 1.009965181350708 26400
1770813581635 1.0105611085891724 27200
1770813677251 1.011041522026062 28000
1770813772253 1.0109916925430298 28800
1770813865949 1.010691523551941 29600
1770813959791 1.0102711915969849 30400
1770814055309 1.0103271007537842 31200
1770814150864 1.0103875398635864 32000
1770814246432 1.0104694366455078 32800
1770814342115 1.0103403329849243 33600
1770814437755 1.0107192993164062 34400
1770814533408 1.0112452507019043 35200
1770814628836 1.0115004777908325 36000
1770814723210 1.0120762586593628 36800
1770814817074 1.012190580368042 37600
1770814912630 1.0124164819717407 38400
1770815008452 1.0128052234649658 39200
1770815105123 1.0126898288726807 40000
1770815201782 1.0133601427078247 40800
1770815302078 1.013435959815979 41600
1770815397785 1.01359224319458 42400
1770815496754 1.014199137687683 43200
1770815592503 1.0143990516662598 44000
1770815686610 1.0145589113235474 44800
1770815782493 1.0148833990097046 45600
1770815881716 1.0151309967041016 46400
1770815977763 1.015060544013977 47200
1770816073567 1.01543390750885 48000
1770816169601 1.0156350135803223 48800
1770816265600 1.0158559083938599 49600
1770816361761 1.0159518718719482 50400
1770816458099 1.0159955024719238 51200
1770816554224 1.0161000490188599 52000
1770816653296 1.0162785053253174 52800
1770816747966 1.0162618160247803 53600
1770816844286 1.016505479812622 54400
1770816940247 1.0169130563735962 55200
1770817037719 1.0170344114303589 56000
1770817134123 1.0172595977783203 56800
1770817231145 1.0175753831863403 57600
1770817325804 1.0177671909332275 58400
1770817422679 1.0176059007644653 59200
1770817518879 1.0176138877868652 60000
1770817618448 1.0174458026885986 60800
1770817713240 1.0173215866088867 61600
1770817809892 1.0174989700317383 62400
1770817906773 1.017416000366211 63200
1770818006363 1.0181326866149902 64000
1770818104430 1.017529845237732 64800
1770818205370 1.0179249048233032 65600
1770818302037 1.0179334878921509 66400
1770818398411 1.01811683177948 67200
1770818495264 1.018154263496399 68000
1770818595287 1.0186184644699097 68800
1770818695145 1.0185091495513916 69600
1770818792122 1.0188294649124146 70400
1770818888920 1.0190238952636719 71200
1770818988852 1.0190203189849854 72000
1770819088924 1.0190260410308838 72800
1770819189183 1.0193694829940796 73600
1770819286085 1.0195356607437134 74400
1770819383356 1.0192800760269165 75200
1770819479918 1.019605278968811 76000
1770819577419 1.0193500518798828 76800
1770819674751 1.0190961360931396 77600
1770819771683 1.0192651748657227 78400
1770819868899 1.0194696187973022 79200
1770819965867 1.0196444988250732 80000
1770820063933 1.0197519063949585 80800
1770820161052 1.019911766052246 81600
1770820258299 1.0198769569396973 82400
1770820356504 1.0197691917419434 83200
1770820453821 1.019700527191162 84000
1770820549500 1.01980459690094 84800
1770820650184 1.0202600955963135 85600
1770820750529 1.020471215248108 86400
1770820848127 1.020371913909912 87200
1770820948902 1.020242691040039 88000
1770821044549 1.0203169584274292 88800
1770821141475 1.020499587059021 89600
1770821239261 1.0207695960998535 90400
1770821336684 1.0213985443115234 91200
1770821435240 1.021449327468872 92000
1770821535754 1.0209649801254272 92800
1770821636839 1.0214201211929321 93600
1770821734534 1.0215215682983398 94400
1770821831878 1.0213382244110107 95200
1770821932344 1.0214736461639404 96000
1770822030839 1.0216686725616455 96800
1770822128620 1.021820306777954 97600
1770822226661 1.0214545726776123 98400
1770822323017 1.0212305784225464 99200
1770822420597 1.0212785005569458 100000
