1770810448025 24.941204488277435 800
1770810541858 23.863551020622253 1600
1770810636719 23.01301658153534 2400
1770810731220 22.358056902885437 3200
1770810824126 21.886494755744934 4000
1770810918952 21.182873845100403 4800
1770811015257 20.83708643913269 5600
1770811108309 20.369794964790344 6400
1770811203040 20.193004608154297 7200
1770811298697 19.98615860939026 8000
1770811391846 19.650372862815857 8800
1770811486952 19.56922858953476 9600
1770811582800 19.445517659187317 10400
1770811675830 19.34015154838562 11200
1770811770371 19.397644698619843 12000
1770811865296 19.429786503314972 12800
1770811960088 19.423052668571472 13600
1770812054770 19.39735859632492 14400
1770812149805 19.309698045253754 15200
1770812245954 19.276288151741028 16000
1770812344130 19.34046596288681 16800
1770812438969 19.27737295627594 17600
1770812534003 19.251316785812378 18400
1770812629207 19.295407831668854 19200
1770812727539 19.290506839752197 20000
1770812820866 19.248896837234497 20800
1770812914031 19.312089681625366 21600
1770813010029 19.244682788848877 22400
1770813105961 19.232168793678284 23200
1770813201972 19.158215820789337 24000
1770813297466 19.183799624443054 24800
1770813391009 19.16496753692627 25600
1770813486340 19.10458654165268 26400
1770813581635 19.182145595550537 27200
1770813677251 19.161024689674377 28000
1770813772253 19.20951157808304 28800
1770813865949 19.175301492214203 29600
1770813959791 19.14023607969284 30400
1770814055309 19.19579803943634 31200
1770814150864 19.146306812763214 32000
1770814246432 19.314108788967133 32800
1770814342115 19.07796710729599 33600
1770814437755 19.124557077884674 34400
1770814533408 19.057585299015045 35200
1770814628836 19.15728747844696 36000
1770814723210 19.197504222393036 36800
1770814817074 19.050751626491547 37600
1770814912630 18.975701928138733 38400
1770815008452 19.051770865917206 39200
1770815105123 19.101127982139587 40000
1770815201782 19.082997739315033 40800
1770815302078 19.06111091375351 41600
1770815397785 19.17867511510849 42400
1770815496754 19.132499396800995 43200
1770815592503 19.149892032146454 44000
1770815686610 19.116295874118805 44800
1770815782493 19.11623775959015 45600
1770815881716 19.138988852500916 46400
1770815977763 19.22689527273178 47200
1770816073567 19.093818962574005 48000
1770816169601 19.19601261615753 48800
1770816265600 19.13577914237976 49600
1770816361761 19.136355817317963 50400
1770816458099 19.072411954402924 51200
1770816554224 19.049467146396637 52000
1770816653296 19.248448312282562 52800
1770816747966 19.126412272453308 53600
1770816844286 19.08549815416336 54400
1770816940247 19.077064096927643 55200
1770817037719 19.25993263721466 56000
1770817134123 19.12476271390915 56800
1770817231145 19.110538065433502 57600
1770817325804 19.23695057630539 58400
1770817422679 19.269680976867676 59200
1770817518879 19.182342290878296 60000
1770817618448 19.197878241539 60800
1770817713240 18.950292468070984 61600
1770817809892 19.13895756006241 62400
1770817906773 19.12376582622528 63200
1770818006363 19.190116226673126 64000
1770818104430 19.322536885738373 64800
1770818205370 19.10572052001953 65600
1770818302037 19.301369786262512 66400
1770818398411 19.184604287147522 67200
1770818495264 19.55471932888031 68000
1770818595287 19.671188294887543 68800
1770818695145 19.361747801303864 69600
1770818792122 19.17409896850586 70400
1770818888920 19.26603615283966 71200
1770818988852 19.44315880537033 72000
1770819088924 19.102610647678375 72800
1770819189183 19.140008091926575 73600
1770819286085 19.321559369564056 74400
1770819383356 19.04265135526657 75200
1770819479918 19.35667395591736 76000
1770819577419 19.16423887014389 76800
1770819674751 19.200952351093292 77600
1770819771683 19.104276597499847 78400
1770819868899 19.23747807741165 79200
1770819965867 19.270868599414825 80000
1770820063933 19.404050707817078 80800
1770820161052 19.87851709127426 81600
1770820258299 19.18284147977829 82400
1770820356504 19.12250965833664 83200
1770820453821 19.37195360660553 84000
1770820549500 19.247356057167053 84800
1770820650184 19.209235906600952 85600
1770820750529 19.41727101802826 86400
1770820848127 19.25448626279831 87200
1770820948902 19.272245466709137 88000
1770821044549 18.941080570220947 88800
1770821141475 18.974843621253967 89600
1770821239261 19.158388674259186 90400
1770821336684 19.215843081474304 91200
1770821435240 19.01991069316864 92000
1770821535754 19.110141694545746 92800
1770821636839 19.138647615909576 93600
1770821734534 19.002559781074524 94400
1770821831878 19.149194657802582 95200
1770821932344 19.222235679626465 96000
1770822030839 19.12064552307129 96800
1770822128620 19.024503231048584 97600
1770822226661 19.249050319194794 98400
1770822323017 19.165511429309845 99200
1770822420597 19.382265210151672 100000
