1770810448025 0.9968381524085999 800
1770810541858 0.9961909651756287 1600
1770810636719 0.9955093264579773 2400
1770810731220 0.9945912957191467 3200
1770810824126 0.9936128258705139 4000
1770810918952 0.992917001247406 4800
1770811015257 0.9922427535057068 5600
1770811108309 0.9916530847549438 6400
1770811203040 0.9905627965927124 7200
1770811298697 0.9900721907615662 8000
1770811391846 0.9895297288894653 8800
1770811486952 0.9886571764945984 9600
1770811582800 0.9879519939422607 10400
1770811675830 0.9875862002372742 11200
1770811770371 0.9865021705627441 12000
1770811865296 0.9852092266082764 12800
1770811960088 0.9846189618110657 13600
1770812054770 0.9846335053443909 14400
1770812149805 0.9843991994857788 15200
1770812245954 0.9834126830101013 16000
1770812344130 0.9829455614089966 16800
1770812438969 0.9823088049888611 17600
1770812534003 0.9815846681594849 18400
1770812629207 0.9809098839759827 19200
1770812727539 0.9801501631736755 20000
1770812820866 0.9800796508789062 20800
1770812914031 0.9798324704170227 21600
1770813010029 0.9794325232505798 22400
1770813105961 0.9789304137229919 23200
1770813201972 0.9785836935043335 24000
1770813297466 0.9781978726387024 24800
1770813391009 0.9779534339904785 25600
1770813486340 0.9776773452758789 26400
1770813581635 0.9769657850265503 27200
1770813677251 0.976867139339447 28000
1770813772253 0.9764949679374695 28800
1770813865949 0.9768150448799133 29600
1770813959791 0.9770787358283997 30400
1770814055309 0.9767334461212158 31200
1770814150864 0.9764964580535889 32000
1770814246432 0.9759816527366638 32800
1770814342115 0.9754668474197388 33600
1770814437755 0.975568950176239 34400
1770814533408 0.9747956395149231 35200
1770814628836 0.9746592044830322 36000
1770814723210 0.9746485352516174 36800
1770814817074 0.97443026304245 37600
1770814912630 0.9737311005592346 38400
1770815008452 0.9737409353256226 39200
1770815105123 0.9735804796218872 40000
1770815201782 0.972834050655365 40800
1770815302078 0.9727133512496948 41600
1770815397785 0.9723246693611145 42400
1770815496754 0.9720820188522339 43200
1770815592503 0.9719430208206177 44000
1770815686610 0.9717118144035339 44800
1770815782493 0.9716303944587708 45600
1770815881716 0.9712703824043274 46400
1770815977763 0.9712664484977722 47200
1770816073567 0.9707674384117126 48000
1770816169601 0.9707755446434021 48800
1770816265600 0.9704369902610779 49600
1770816361761 0.9704069495201111 50400
1770816458099 0.9700229167938232 51200
1770816554224 0.9699287414550781 52000
1770816653296 0.9696058630943298 52800
1770816747966 0.9692003130912781 53600
1770816844286 0.9690394997596741 54400
1770816940247 0.9687061309814453 55200
1770817037719 0.9684630632400513 56000
1770817134123 0.9678581953048706 56800
1770817231145 0.9677215218544006 57600
1770817325804 0.9674729704856873 58400
1770817422679 0.9673725366592407 59200
1770817518879 0.9669519066810608 60000
1770817618448 0.9663705825805664 60800
1770817713240 0.9668181538581848 61600
1770817809892 0.9665895700454712 62400
1770817906773 0.966313362121582 63200
1770818006363 0.9661811590194702 64000
1770818104430 0.9659967422485352 64800
1770818205370 0.9654759168624878 65600
1770818302037 0.9647621512413025 66400
1770818398411 0.9640896916389465 67200
1770818495264 0.9638550877571106 68000
1770818595287 0.9637100100517273 68800
1770818695145 0.9636452794075012 69600
1770818792122 0.9632914066314697 70400
1770818888920 0.9623883366584778 71200
1770818988852 0.9620997905731201 72000
1770819088924 0.9615941047668457 72800
1770819189183 0.9617348313331604 73600
1770819286085 0.9614658355712891 74400
1770819383356 0.9609709978103638 75200
1770819479918 0.9606123566627502 76000
1770819577419 0.9602696299552917 76800
1770819674751 0.9599193334579468 77600
1770819771683 0.9597682952880859 78400
1770819868899 0.9595071077346802 79200
1770819965867 0.9593228101730347 80000
1770820063933 0.9592412114143372 80800
1770820161052 0.9591042995452881 81600
1770820258299 0.9586248397827148 82400
1770820356504 0.958423912525177 83200
1770820453821 0.9589458107948303 84000
1770820549500 0.9589229226112366 84800
1770820650184 0.9588775038719177 85600
1770820750529 0.9583612084388733 86400
1770820848127 0.9588844776153564 87200
1770820948902 0.9588459134101868 88000
1770821044549 0.9586157202720642 88800
1770821141475 0.958651602268219 89600
1770821239261 0.9588754773139954 90400
1770821336684 0.9586464762687683 91200
1770821435240 0.9582933783531189 92000
1770821535754 0.9579347968101501 92800
1770821636839 0.9581565260887146 93600
1770821734534 0.9577873349189758 94400
1770821831878 0.9580500721931458 95200
1770821932344 0.9580749869346619 96000
1770822030839 0.9580836296081543 96800
1770822128620 0.9580492377281189 97600
1770822226661 0.9575985074043274 98400
1770822323017 0.9578943252563477 99200
1770822420597 0.9579573273658752 100000
