1770810448025 0.0016060344642028213 800
1770810541858 5.966837488813326e-05 1600
1770810636719 -0.001012275111861527 2400
1770810731220 -0.002061860403046012 3200
1770810824126 -0.002735704882070422 4000
1770810918952 -0.0032039694488048553 4800
1770811015257 -0.0032165413722395897 5600
1770811108309 -0.0035519576631486416 6400
1770811203040 -0.003726386232301593 7200
1770811298697 -0.003655920037999749 8000
1770811391846 -0.0038550992030650377 8800
1770811486952 -0.003692549653351307 9600
1770811582800 -0.0037451302632689476 10400
1770811675830 -0.0038435342721641064 11200
1770811770371 -0.003699915250763297 12000
1770811865296 -0.003808938432484865 12800
1770811960088 -0.003681603353470564 13600
1770812054770 -0.003542722202837467 14400
1770812149805 -0.0037973164580762386 15200
1770812245954 -0.0038258004933595657 16000
1770812344130 -0.003831202397122979 16800
1770812438969 -0.003893182147294283 17600
1770812534003 -0.003983989357948303 18400
1770812629207 -0.00395924411714077 19200
1770812727539 -0.004134914837777615 20000
1770812820866 -0.004231914412230253 20800
1770812914031 -0.00398388272151351 21600
1770813010029 -0.0038420590572059155 22400
1770813105961 -0.003765697591006756 23200
1770813201972 -0.003989276010543108 24000
1770813297466 -0.003982937429100275 24800
1770813391009 -0.003865618258714676 25600
1770813486340 -0.0038634082302451134 26400
1770813581635 -0.0036147735081613064 27200
1770813677251 -0.0037573855370283127 28000
1770813772253 -0.0037047879304736853 28800
1770813865949 -0.003588336519896984 29600
1770813959791 -0.0034122841898351908 30400
1770814055309 -0.0032782896887511015 31200
1770814150864 -0.003280496457591653 32000
1770814246432 -0.0030213412828743458 32800
1770814342115 -0.003316066460683942 33600
1770814437755 -0.003176125232130289 34400
1770814533408 -0.003257844364270568 35200
1770814628836 -0.003137715859338641 36000
1770814723210 -0.00299192126840353 36800
1770814817074 -0.0029767451342195272 37600
1770814912630 -0.0028523209039121866 38400
1770815008452 -0.002775306347757578 39200
1770815105123 -0.0026787021197378635 40000
1770815201782 -0.00258077634498477 40800
1770815302078 -0.0024758377112448215 41600
1770815397785 -0.002348860027268529 42400
1770815496754 -0.0024651791900396347 43200
1770815592503 -0.002318693557754159 44000
1770815686610 -0.0021389001049101353 44800
1770815782493 -0.0019644321873784065 45600
1770815881716 -0.0019201284740120173 46400
1770815977763 -0.0018703583627939224 47200
1770816073567 -0.0019590386655181646 48000
1770816169601 -0.0018644508672878146 48800
1770816265600 -0.001581564312800765 49600
1770816361761 -0.0014642238384112716 50400
1770816458099 -0.0014559485716745257 51200
1770816554224 -0.0014567214529961348 52000
1770816653296 -0.0011569814523681998 52800
1770816747966 -0.0012506106868386269 53600
1770816844286 -0.0011605436448007822 54400
1770816940247 -0.0010301953880116343 55200
1770817037719 -0.0007151294266805053 56000
1770817134123 -0.0006803178112022579 56800
1770817231145 -0.0005926129524596035 57600
1770817325804 -0.00033889515907503664 58400
1770817422679 -0.0002745836100075394 59200
1770817518879 -0.00018176576122641563 60000
1770817618448 -5.222201798460446e-05 60800
1770817713240 -0.00011159092537127435 61600
1770817809892 0.00012133445852668956 62400
1770817906773 0.00014638564607594162 63200
1770818006363 0.00021581893088296056 64000
1770818104430 0.0003650177677627653 64800
1770818205370 0.0003731842734850943 65600
1770818302037 0.0005915319197811186 66400
1770818398411 0.0007608724408783019 67200
1770818495264 0.0010986580746248364 68000
1770818595287 0.0010941337095573545 68800
1770818695145 0.0010165575658902526 69600
1770818792122 0.001026111887767911 70400
1770818888920 0.0011951833730563521 71200
1770818988852 0.0014452249743044376 72000
1770819088924 0.0014093973441049457 72800
1770819189183 0.0017375786555930972 73600
1770819286085 0.0019797873683273792 74400
1770819383356 0.001858365605585277 75200
1770819479918 0.002252344973385334 76000
1770819577419 0.002400921890512109 76800
1770819674751 0.00258423388004303 77600
1770819771683 0.0026214304380118847 78400
1770819868899 0.0027734364848583937 79200
1770819965867 0.0029363087378442287 80000
1770820063933 0.003095168387517333 80800
1770820161052 0.003292893525213003 81600
1770820258299 0.0031848091166466475 82400
1770820356504 0.003299158299341798 83200
1770820453821 0.0036044411826878786 84000
1770820549500 0.003552308538928628 84800
1770820650184 0.0035080760717391968 85600
1770820750529 0.003653068095445633 86400
1770820848127 0.0038319698069244623 87200
1770820948902 0.004026691894978285 88000
1770821044549 0.004081932827830315 88800
1770821141475 0.004242428578436375 89600
1770821239261 0.0043515535071492195 90400
1770821336684 0.004495736677199602 91200
1770821435240 0.004327429458498955 92000
1770821535754 0.004555999767035246 92800
1770821636839 0.004606226924806833 93600
1770821734534 0.004757752176374197 94400
1770821831878 0.004963086452335119 95200
1770821932344 0.005052744876593351 96000
1770822030839 0.00513472082093358 96800
1770822128620 0.005201324354857206 97600
1770822226661 0.005305250640958548 98400
1770822323017 0.0054055871441960335 99200
1770822420597 0.005549327936023474 100000
