1770810448025 -0.004593616351485252 800
1770810541858 -0.004408886190503836 1600
1770810636719 -0.00419247942045331 2400
1770810731220 -0.00378226931206882 3200
1770810824126 -0.0032976053189486265 4000
1770810918952 -0.0031867928337305784 4800
1770811015257 -0.002672244096174836 5600
1770811108309 -0.0025274278596043587 6400
1770811203040 -0.00232935743406415 7200
1770811298697 -0.0021085587795823812 8000
1770811391846 -0.0021689373534172773 8800
1770811486952 -0.0018536585848778486 9600
1770811582800 -0.0017965561710298061 10400
1770811675830 -0.001821034005843103 11200
1770811770371 -0.0015837743412703276 12000
1770811865296 -0.001652420498430729 12800
1770811960088 -0.0014866798883304 13600
1770812054770 -0.0013111928710713983 14400
1770812149805 -0.0014733768766745925 15200
1770812245954 -0.001396485953591764 16000
1770812344130 -0.001379600609652698 16800
1770812438969 -0.001453068689443171 17600
1770812534003 -0.0014955562073737383 18400
1770812629207 -0.0014515860239043832 19200
1770812727539 -0.0016161918174475431 20000
1770812820866 -0.0017222483875229955 20800
1770812914031 -0.0014631485100835562 21600
1770813010029 -0.001369295408949256 22400
1770813105961 -0.0012583023635670543 23200
1770813201972 -0.0014990277122706175 24000
1770813297466 -0.001442152657546103 24800
1770813391009 -0.0013125994009897113 25600
1770813486340 -0.0013385368511080742 26400
1770813581635 -0.0011342134093865752 27200
1770813677251 -0.001254813396371901 28000
1770813772253 -0.0011996339308097959 28800
1770813865949 -0.0010596950305625796 29600
1770813959791 -0.0008686974761076272 30400
1770814055309 -0.0007206547306850553 31200
1770814150864 -0.0007625941070728004 32000
1770814246432 -0.0005403389222919941 32800
1770814342115 -0.000810475496109575 33600
1770814437755 -0.000676351017318666 34400
1770814533408 -0.0008527296013198793 35200
1770814628836 -0.0007292217342182994 36000
1770814723210 -0.0005779720377177 36800
1770814817074 -0.0005796015611849725 37600
1770814912630 -0.0004986723070032895 38400
1770815008452 -0.0005171819939278066 39200
1770815105123 -0.00045685822260566056 40000
1770815201782 -0.000459276168840006 40800
1770815302078 -0.00036659499164670706 41600
1770815397785 -0.0002946562599390745 42400
1770815496754 -0.00043854329851455986 43200
1770815592503 -0.0003220334183424711 44000
1770815686610 -0.00022594744223169982 44800
1770815782493 -5.903168857912533e-05 45600
1770815881716 -5.0586662837304175e-05 46400
1770815977763 -2.7950773073825985e-05 47200
1770816073567 -0.00015644202358089387 48000
1770816169601 -8.6312742496375e-05 48800
1770816265600 0.00018870647181756794 49600
1770816361761 0.0003227393317501992 50400
1770816458099 0.0002912056806962937 51200
1770816554224 0.00024845413281582296 52000
1770816653296 0.0004705000901594758 52800
1770816747966 0.0003639071946963668 53600
1770816844286 0.0003998152678832412 54400
1770816940247 0.0004739576834253967 55200
1770817037719 0.0006916610291227698 56000
1770817134123 0.0006028275238350034 56800
1770817231145 0.0007184026762843132 57600
1770817325804 0.0008905866416171193 58400
1770817422679 0.0009383931173942983 59200
1770817518879 0.0009672280284576118 60000
1770817618448 0.0009361233096569777 60800
1770817713240 0.0009153708815574646 61600
1770817809892 0.0011363092344254255 62400
1770817906773 0.0011137161636725068 63200
1770818006363 0.0011935558868572116 64000
1770818104430 0.0012176820309832692 64800
1770818205370 0.0011830230941995978 65600
1770818302037 0.0012398783583194017 66400
1770818398411 0.0013276509707793593 67200
1770818495264 0.001526392879895866 68000
1770818595287 0.0015303787076845765 68800
1770818695145 0.001402630819939077 69600
1770818792122 0.0014574502129107714 70400
1770818888920 0.0015078069409355521 71200
1770818988852 0.0016637915978208184 72000
1770819088924 0.0015269625000655651 72800
1770819189183 0.0018507353961467743 73600
1770819286085 0.0020365258678793907 74400
1770819383356 0.001840139040723443 75200
1770819479918 0.0022240355610847473 76000
1770819577419 0.002206498058512807 76800
1770819674751 0.0023304400965571404 77600
1770819771683 0.0023695630952715874 78400
1770819868899 0.0025545982643961906 79200
1770819965867 0.002622104249894619 80000
1770820063933 0.0027400499675422907 80800
1770820161052 0.0028336455579847097 81600
1770820258299 0.0027072790544480085 82400
1770820356504 0.0027537313289940357 83200
1770820453821 0.0031003381591290236 84000
1770820549500 0.0030018179677426815 84800
1770820650184 0.0028651931788772345 85600
1770820750529 0.002979349810630083 86400
1770820848127 0.003179931314662099 87200
1770820948902 0.00334740593098104 88000
1770821044549 0.0033890523482114077 88800
1770821141475 0.003491076407954097 89600
1770821239261 0.0035544438287615776 90400
1770821336684 0.003638412104919553 91200
1770821435240 0.0035047633573412895 92000
1770821535754 0.003647975390776992 92800
1770821636839 0.003717402694746852 93600
1770821734534 0.003816005541011691 94400
1770821831878 0.003983332309871912 95200
1770821932344 0.004062149208039045 96000
1770822030839 0.0040658703073859215 96800
1770822128620 0.004157114773988724 97600
1770822226661 0.0041661993600428104 98400
1770822323017 0.004215157590806484 99200
1770822420597 0.004356440156698227 100000
