1770810448025 -29037.02734375 800
1770810541858 -29991.921875 1600
1770810636719 -30779.58203125 2400
1770810731220 -31173.35546875 3200
1770810824126 -31335.109375 4000
1770810918952 -32398.6875 4800
1770811015257 -32694.7265625 5600
1770811108309 -33906.5703125 6400
1770811203040 -33796.46875 7200
1770811298697 -33826.8125 8000
1770811391846 -35452.90234375 8800
1770811486952 -35222.47265625 9600
1770811582800 -35881.046875 10400
1770811675830 -37046.890625 11200
1770811770371 -36794.09765625 12000
1770811865296 -37045.49609375 12800
1770811960088 -36950.67578125 13600
1770812054770 -36964.56640625 14400
1770812149805 -36962.64453125 15200
1770812245954 -36939.546875 16000
1770812344130 -37321.97265625 16800
1770812438969 -37923.265625 17600
1770812534003 -38245.65625 18400
1770812629207 -37788.109375 19200
1770812727539 -38249.53125 20000
1770812820866 -39196.8671875 20800
1770812914031 -38680.9140625 21600
1770813010029 -38918.1875 22400
1770813105961 -38161.78515625 23200
1770813201972 -39664.46875 24000
1770813297466 -38715.5 24800
1770813391009 -38390.2265625 25600
1770813486340 -39055.546875 26400
1770813581635 -38655.640625 27200
1770813677251 -39715.4296875 28000
1770813772253 -39466.3046875 28800
1770813865949 -39286.7421875 29600
1770813959791 -38817.4609375 30400
1770814055309 -38599.4609375 31200
1770814150864 -38660.453125 32000
1770814246432 -38032.8203125 32800
1770814342115 -38665.7578125 33600
1770814437755 -37995.7109375 34400
1770814533408 -38935.953125 35200
1770814628836 -38450.8203125 36000
1770814723210 -38274.25390625 36800
1770814817074 -39096.4609375 37600
1770814912630 -38795.73046875 38400
1770815008452 -39519.94921875 39200
1770815105123 -39309.07421875 40000
1770815201782 -39388.6484375 40800
1770815302078 -39242.6953125 41600
1770815397785 -39126.2421875 42400
1770815496754 -39591.99609375 43200
1770815592503 -38910.1875 44000
1770815686610 -39435.1328125 44800
1770815782493 -39231.6015625 45600
1770815881716 -39129.68359375 46400
1770815977763 -38965.1328125 47200
1770816073567 -39736.8984375 48000
1770816169601 -39646.76953125 48800
1770816265600 -39606.484375 49600
1770816361761 -38941.69140625 50400
1770816458099 -39026.8984375 51200
1770816554224 -39703.796875 52000
1770816653296 -38800.5859375 52800
1770816747966 -39249.79296875 53600
1770816844286 -39121.4921875 54400
1770816940247 -39715.5078125 55200
1770817037719 -38550.28515625 56000
1770817134123 -38908.75 56800
1770817231145 -39000.4296875 57600
1770817325804 -38782.56640625 58400
1770817422679 -38515.1171875 59200
1770817518879 -38886.828125 60000
1770817618448 -38761.3046875 60800
1770817713240 -39209.44921875 61600
1770817809892 -39046.51171875 62400
1770817906773 -39068.57421875 63200
1770818006363 -38513.95703125 64000
1770818104430 -38197.046875 64800
1770818205370 -38722.5703125 65600
1770818302037 -38450.30859375 66400
1770818398411 -38502.2890625 67200
1770818495264 -38023.83203125 68000
1770818595287 -38129.2578125 68800
1770818695145 -38494.125 69600
1770818792122 -38870.046875 70400
1770818888920 -38725.828125 71200
1770818988852 -38610.8359375 72000
1770819088924 -39701.78125 72800
1770819189183 -39027.90234375 73600
1770819286085 -38700.34375 74400
1770819383356 -39517.47265625 75200
1770819479918 -38565.3984375 76000
1770819577419 -39210.421875 76800
1770819674751 -39111.32421875 77600
1770819771683 -39194.2265625 78400
1770819868899 -38683.796875 79200
1770819965867 -38739.15234375 80000
1770820063933 -38059.90625 80800
1770820161052 -37344.65625 81600
1770820258299 -38451.1875 82400
1770820356504 -38765.953125 83200
1770820453821 -37714.1953125 84000
1770820549500 -38035.84375 84800
1770820650184 -38588.9609375 85600
1770820750529 -38266.125 86400
1770820848127 -38403.625 87200
1770820948902 -38018.59375 88000
1770821044549 -38189.9296875 88800
1770821141475 -38515.4140625 89600
1770821239261 -38369.6875 90400
1770821336684 -38048.19140625 91200
1770821435240 -38824.390625 92000
1770821535754 -38511.6640625 92800
1770821636839 -38088.6171875 93600
1770821734534 -38324.3515625 94400
1770821831878 -38117.53515625 95200
1770821932344 -38275.125 96000
1770822030839 -38467.7109375 96800
1770822128620 -38957.04296875 97600
1770822226661 -38446.453125 98400
1770822323017 -38527.26171875 99200
1770822420597 -38250.890625 100000
