1770810448025 0.998033344745636 800
1770810541858 0.9992920160293579 1600
1770810636719 0.9995293021202087 2400
1770810731220 0.9996734261512756 3200
1770810824126 0.9996192455291748 4000
1770810918952 0.9989279508590698 4800
1770811015257 0.9982307553291321 5600
1770811108309 0.997138500213623 6400
1770811203040 0.9959030151367188 7200
1770811298697 0.9942466616630554 8000
1770811391846 0.9920331239700317 8800
1770811486952 0.9898918867111206 9600
1770811582800 0.9882507920265198 10400
1770811675830 0.9862560033798218 11200
1770811770371 0.9846082925796509 12000
1770811865296 0.9834635257720947 12800
1770811960088 0.9819892644882202 13600
1770812054770 0.9804937243461609 14400
1770812149805 0.9797073006629944 15200
1770812245954 0.9779701232910156 16000
1770812344130 0.9767087697982788 16800
1770812438969 0.9758259057998657 17600
1770812534003 0.9747177958488464 18400
1770812629207 0.9738770723342896 19200
1770812727539 0.9731652736663818 20000
1770812820866 0.9721845984458923 20800
1770812914031 0.9703646302223206 21600
1770813010029 0.9690936803817749 22400
1770813105961 0.9683921337127686 23200
1770813201972 0.9676377773284912 24000
1770813297466 0.9668974876403809 24800
1770813391009 0.965864360332489 25600
1770813486340 0.9647203087806702 26400
1770813581635 0.9634377956390381 27200
1770813677251 0.9623891115188599 28000
1770813772253 0.9612807631492615 28800
1770813865949 0.9597925543785095 29600
1770813959791 0.9585895538330078 30400
1770814055309 0.9571518301963806 31200
1770814150864 0.9567452073097229 32000
1770814246432 0.9556658267974854 32800
1770814342115 0.9551719427108765 33600
1770814437755 0.9542288780212402 34400
1770814533408 0.9529045820236206 35200
1770814628836 0.9520189166069031 36000
1770814723210 0.9501894116401672 36800
1770814817074 0.9486293196678162 37600
1770814912630 0.9475781917572021 38400
1770815008452 0.9463641047477722 39200
1770815105123 0.9450193047523499 40000
1770815201782 0.9435008764266968 40800
1770815302078 0.9421101808547974 41600
1770815397785 0.9408771991729736 42400
1770815496754 0.9399747252464294 43200
1770815592503 0.938930094242096 44000
1770815686610 0.937066376209259 44800
1770815782493 0.9357442855834961 45600
1770815881716 0.9350197911262512 46400
1770815977763 0.9338828921318054 47200
1770816073567 0.9326814413070679 48000
1770816169601 0.9312961101531982 48800
1770816265600 0.9295622110366821 49600
1770816361761 0.9284737706184387 50400
1770816458099 0.9272332787513733 51200
1770816554224 0.9254868626594543 52000
1770816653296 0.9242637753486633 52800
1770816747966 0.9230197072029114 53600
1770816844286 0.9219326972961426 54400
1770816940247 0.9203366041183472 55200
1770817037719 0.9192874431610107 56000
1770817134123 0.918061375617981 56800
1770817231145 0.9163357019424438 57600
1770817325804 0.9148697853088379 58400
1770817422679 0.913752019405365 59200
1770817518879 0.9121072888374329 60000
1770817618448 0.910965621471405 60800
1770817713240 0.9098056554794312 61600
1770817809892 0.9079688191413879 62400
1770817906773 0.906637966632843 63200
1770818006363 0.9056202173233032 64000
1770818104430 0.9046184420585632 64800
1770818205370 0.9029579758644104 65600
1770818302037 0.9017050266265869 66400
1770818398411 0.900058388710022 67200
1770818495264 0.8984342813491821 68000
1770818595287 0.8969758749008179 68800
1770818695145 0.8958641290664673 69600
1770818792122 0.8944718241691589 70400
1770818888920 0.8933367133140564 71200
1770818988852 0.891542911529541 72000
1770819088924 0.8902258276939392 72800
1770819189183 0.8881753087043762 73600
1770819286085 0.886465311050415 74400
1770819383356 0.8854586482048035 75200
1770819479918 0.8835553526878357 76000
1770819577419 0.8817769289016724 76800
1770819674751 0.8800709247589111 77600
1770819771683 0.878456175327301 78400
1770819868899 0.8770832419395447 79200
1770819965867 0.8754698634147644 80000
1770820063933 0.8746216893196106 80800
1770820161052 0.8732781410217285 81600
1770820258299 0.8712844252586365 82400
1770820356504 0.8694959282875061 83200
1770820453821 0.867694079875946 84000
1770820549500 0.8662900328636169 84800
1770820650184 0.8647561073303223 85600
1770820750529 0.8631699681282043 86400
1770820848127 0.8613437414169312 87200
1770820948902 0.8594368100166321 88000
1770821044549 0.8578006029129028 88800
1770821141475 0.8555231690406799 89600
1770821239261 0.8538276553153992 90400
1770821336684 0.8522482514381409 91200
1770821435240 0.8509124517440796 92000
1770821535754 0.8494192361831665 92800
1770821636839 0.8481007814407349 93600
1770821734534 0.8462019562721252 94400
1770821831878 0.8443292379379272 95200
1770821932344 0.8425410389900208 96000
1770822030839 0.8410120010375977 96800
1770822128620 0.838891863822937 97600
1770822226661 0.8374970555305481 98400
1770822323017 0.8357910513877869 99200
1770822420597 0.8341076374053955 100000
