1770810448025 20.29193687438965 800
1770810541858 20.145009994506836 1600
1770810636719 20.087392807006836 2400
1770810731220 20.05173683166504 3200
1770810824126 20.026784896850586 4000
1770810918952 20.091617584228516 4800
1770811015257 20.0992431640625 5600
1770811108309 20.19403839111328 6400
1770811203040 20.169204711914062 7200
1770811298697 20.210708618164062 8000
1770811391846 20.418710708618164 8800
1770811486952 20.40162467956543 9600
1770811582800 20.496362686157227 10400
1770811675830 20.707048416137695 11200
1770811770371 20.591413497924805 12000
1770811865296 20.55111312866211 12800
1770811960088 20.56117820739746 13600
1770812054770 20.59538459777832 14400
1770812149805 20.59784698486328 15200
1770812245954 20.65593719482422 16000
1770812344130 20.70307731628418 16800
1770812438969 20.795392990112305 17600
1770812534003 20.831562042236328 18400
1770812629207 20.75731658935547 19200
1770812727539 20.74936294555664 20000
1770812820866 20.855276107788086 20800
1770812914031 20.89296531677246 21600
1770813010029 21.00409698486328 22400
1770813105961 20.897781372070312 23200
1770813201972 21.03727912902832 24000
1770813297466 20.868513107299805 24800
1770813391009 20.84170150756836 25600
1770813486340 20.926244735717773 26400
1770813581635 20.90146255493164 27200
1770813677251 21.026504516601562 28000
1770813772253 20.99949836730957 28800
1770813865949 20.990127563476562 29600
1770813959791 20.951372146606445 30400
1770814055309 20.969196319580078 31200
1770814150864 20.8985595703125 32000
1770814246432 20.796592712402344 32800
1770814342115 20.82074737548828 33600
1770814437755 20.72903060913086 34400
1770814533408 20.827898025512695 35200
1770814628836 20.762996673583984 36000
1770814723210 20.784517288208008 36800
1770814817074 20.910139083862305 37600
1770814912630 20.87456703186035 38400
1770815008452 20.94852066040039 39200
1770815105123 20.887859344482422 40000
1770815201782 20.88193130493164 40800
1770815302078 20.894338607788086 41600
1770815397785 20.866662979125977 42400
1770815496754 20.913225173950195 43200
1770815592503 20.85067367553711 44000
1770815686610 20.959924697875977 44800
1770815782493 20.990520477294922 45600
1770815881716 20.891399383544922 46400
1770815977763 20.81739616394043 47200
1770816073567 20.92997169494629 48000
1770816169601 20.881052017211914 48800
1770816265600 20.975473403930664 49600
1770816361761 20.91063690185547 50400
1770816458099 20.89215660095215 51200
1770816554224 21.007726669311523 52000
1770816653296 20.9049072265625 52800
1770816747966 20.93583106994629 53600
1770816844286 20.89289665222168 54400
1770816940247 21.019384384155273 55200
1770817037719 20.84977912902832 56000
1770817134123 20.87558937072754 56800
1770817231145 20.929893493652344 57600
1770817325804 20.908689498901367 58400
1770817422679 20.844615936279297 59200
1770817518879 20.89122200012207 60000
1770817618448 20.84639549255371 60800
1770817713240 20.927873611450195 61600
1770817809892 20.930198669433594 62400
1770817906773 20.8931941986084 63200
1770818006363 20.851686477661133 64000
1770818104430 20.750028610229492 64800
1770818205370 20.840673446655273 65600
1770818302037 20.775531768798828 66400
1770818398411 20.794185638427734 67200
1770818495264 20.76120376586914 68000
1770818595287 20.776792526245117 68800
1770818695145 20.7592830657959 69600
1770818792122 20.824634552001953 70400
1770818888920 20.791858673095703 71200
1770818988852 20.81244659423828 72000
1770819088924 20.911495208740234 72800
1770819189183 20.909717559814453 73600
1770819286085 20.89743995666504 74400
1770819383356 20.9252872467041 75200
1770819479918 20.860549926757812 76000
1770819577419 20.904096603393555 76800
1770819674751 20.89950180053711 77600
1770819771683 20.903793334960938 78400
1770819868899 20.870656967163086 79200
1770819965867 20.88576889038086 80000
1770820063933 20.80687141418457 80800
1770820161052 20.717498779296875 81600
1770820258299 20.7906494140625 82400
1770820356504 20.819913864135742 83200
1770820453821 20.790992736816406 84000
1770820549500 20.788991928100586 84800
1770820650184 20.803783416748047 85600
1770820750529 20.77681541442871 86400
1770820848127 20.829349517822266 87200
1770820948902 20.799877166748047 88000
1770821044549 20.83553695678711 88800
1770821141475 20.917001724243164 89600
1770821239261 20.88300895690918 90400
1770821336684 20.8450984954834 91200
1770821435240 20.886137008666992 92000
1770821535754 20.841686248779297 92800
1770821636839 20.808401107788086 93600
1770821734534 20.857099533081055 94400
1770821831878 20.836421966552734 95200
1770821932344 20.852886199951172 96000
1770822030839 20.87287712097168 96800
1770822128620 20.937604904174805 97600
1770822226661 20.829261779785156 98400
1770822323017 20.813705444335938 99200
1770822420597 20.80160140991211 100000
