1770810448025 0.00448880298063159 800
1770810541858 0.004108344670385122 1600
1770810636719 0.0037519647739827633 2400
1770810731220 0.003250227775424719 3200
1770810824126 0.0028405929915606976 4000
1770810918952 0.0025916907470673323 4800
1770811015257 0.0019670967012643814 5600
1770811108309 0.0017275747377425432 6400
1770811203040 0.00190102425403893 7200
1770811298697 0.0016467650420963764 8000
1770811391846 0.0017157566035166383 8800
1770811486952 0.001484106993302703 9600
1770811582800 0.0015591334085911512 10400
1770811675830 0.0015325474087148905 11200
1770811770371 0.0016399258747696877 12000
1770811865296 0.0021461716387420893 12800
1770811960088 0.0022614561021327972 13600
1770812054770 0.0024271614383906126 14400
1770812149805 0.002734924666583538 15200
1770812245954 0.002896679099649191 16000
1770812344130 0.0030609893146902323 16800
1770812438969 0.0033373464830219746 17600
1770812534003 0.003651851089671254 18400
1770812629207 0.0038852589204907417 19200
1770812727539 0.004461201373487711 20000
1770812820866 0.004748111590743065 20800
1770812914031 0.0045539624989032745 21600
1770813010029 0.004437844734638929 22400
1770813105961 0.004699209704995155 23200
1770813201972 0.005214853677898645 24000
1770813297466 0.005520470906049013 24800
1770813391009 0.005550762172788382 25600
1770813486340 0.005679785273969173 26400
1770813581635 0.005669970065355301 27200
1770813677251 0.006049036048352718 28000
1770813772253 0.006346937268972397 28800
1770813865949 0.006325365509837866 29600
1770813959791 0.006367025896906853 30400
1770814055309 0.006409361958503723 31200
1770814150864 0.006720595993101597 32000
1770814246432 0.006802612449973822 32800
1770814342115 0.007427883800119162 33600
1770814437755 0.007407566532492638 34400
1770814533408 0.007867650128901005 35200
1770814628836 0.007920701988041401 36000
1770814723210 0.007935450412333012 36800
1770814817074 0.008164830505847931 37600
1770814912630 0.008265108801424503 38400
1770815008452 0.008586963638663292 39200
1770815105123 0.008874338120222092 40000
1770815201782 0.009121439419686794 40800
1770815302078 0.009136155247688293 41600
1770815397785 0.009292329661548138 42400
1770815496754 0.009521124884486198 43200
1770815592503 0.009668567217886448 44000
1770815686610 0.009794147685170174 44800
1770815782493 0.009614810347557068 45600
1770815881716 0.009850198403000832 46400
1770815977763 0.00996983703225851 47200
1770816073567 0.010316748172044754 48000
1770816169601 0.010469305329024792 48800
1770816265600 0.010103284381330013 49600
1770816361761 0.009987624362111092 50400
1770816458099 0.010270348750054836 51200
1770816554224 0.010480991564691067 52000
1770816653296 0.010511228814721107 52800
1770816747966 0.010888720862567425 53600
1770816844286 0.011116426438093185 54400
1770816940247 0.011041096411645412 55200
1770817037719 0.011113565415143967 56000
1770817134123 0.01152830384671688 56800
1770817231145 0.011531401425600052 57600
1770817325804 0.011583490297198296 58400
1770817422679 0.011661268770694733 59200
1770817518879 0.011823100969195366 60000
1770817618448 0.012307596392929554 60800
1770817713240 0.01227594818919897 61600
1770817809892 0.011995119974017143 62400
1770817906773 0.01226359885185957 63200
1770818006363 0.012361031025648117 64000
1770818104430 0.012819729745388031 64800
1770818205370 0.012832950800657272 65600
1770818302037 0.013256375677883625 66400
1770818398411 0.013360376469790936 67200
1770818495264 0.01353034470230341 68000
1770818595287 0.013430253602564335 68800
1770818695145 0.013765507377684116 69600
1770818792122 0.013638289645314217 70400
1770818888920 0.013958950527012348 71200
1770818988852 0.013894370757043362 72000
1770819088924 0.01409468986093998 72800
1770819189183 0.014039752073585987 73600
1770819286085 0.013913539238274097 74400
1770819383356 0.01429834496229887 75200
1770819479918 0.013914047740399837 76000
1770819577419 0.014447469264268875 76800
1770819674751 0.014585139229893684 77600
1770819771683 0.014699016697704792 78400
1770819868899 0.014506872743368149 79200
1770819965867 0.014734402298927307 80000
1770820063933 0.014885053038597107 80800
1770820161052 0.015220683999359608 81600
1770820258299 0.01558548305183649 82400
1770820356504 0.015637801960110664 83200
1770820453821 0.015319733880460262 84000
1770820549500 0.015578798949718475 84800
1770820650184 0.016052162274718285 85600
1770820750529 0.016308991238474846 86400
1770820848127 0.01586921140551567 87200
1770820948902 0.01581685058772564 88000
1770821044549 0.016057755798101425 88800
1770821141475 0.015833960846066475 89600
1770821239261 0.015940852463245392 90400
1770821336684 0.016146885231137276 91200
1770821435240 0.016071278601884842 92000
1770821535754 0.01635841466486454 92800
1770821636839 0.01644309051334858 93600
1770821734534 0.01663004234433174 94400
1770821831878 0.016809824854135513 95200
1770821932344 0.016660546883940697 96000
1770822030839 0.016694338992238045 96800
1770822128620 0.01669113151729107 97600
1770822226661 0.01739104650914669 98400
1770822323017 0.01762954704463482 99200
1770822420597 0.017486553639173508 100000
