1770810448025 -0.9872220158576965 800
1770810541858 -0.8650102615356445 1600
1770810636719 -0.7513033151626587 2400
1770810731220 -0.705676257610321 3200
1770810824126 -0.7105926871299744 4000
1770810918952 -0.5744186043739319 4800
1770811015257 -0.588165819644928 5600
1770811108309 -0.520089864730835 6400
1770811203040 -0.5673285722732544 7200
1770811298697 -0.5490933656692505 8000
1770811391846 -0.4179821014404297 8800
1770811486952 -0.4671628475189209 9600
1770811582800 -0.42883458733558655 10400
1770811675830 -0.3222960829734802 11200
1770811770371 -0.44378936290740967 12000
1770811865296 -0.4802820384502411 12800
1770811960088 -0.4982632100582123 13600
1770812054770 -0.4980436861515045 14400
1770812149805 -0.4749939441680908 15200
1770812245954 -0.46921446919441223 16000
1770812344130 -0.4783318042755127 16800
1770812438969 -0.42532289028167725 17600
1770812534003 -0.410091757774353 18400
1770812629207 -0.4678410291671753 19200
1770812727539 -0.471486896276474 20000
1770812820866 -0.42252326011657715 20800
1770812914031 -0.4387128949165344 21600
1770813010029 -0.3816685378551483 22400
1770813105961 -0.44706693291664124 23200
1770813201972 -0.34683957695961 24000
1770813297466 -0.44557884335517883 24800
1770813391009 -0.4687085747718811 25600
1770813486340 -0.42038846015930176 26400
1770813581635 -0.472869873046875 27200
1770813677251 -0.4031646251678467 28000
1770813772253 -0.44018468260765076 28800
1770813865949 -0.4571413993835449 29600
1770813959791 -0.4853340685367584 30400
1770814055309 -0.5057387351989746 31200
1770814150864 -0.5196855664253235 32000
1770814246432 -0.6278344988822937 32800
1770814342115 -0.5376637578010559 33600
1770814437755 -0.6013921499252319 34400
1770814533408 -0.5353877544403076 35200
1770814628836 -0.5962751507759094 36000
1770814723210 -0.6142516136169434 36800
1770814817074 -0.5246806144714355 37600
1770814912630 -0.5291027426719666 38400
1770815008452 -0.516954243183136 39200
1770815105123 -0.5618694424629211 40000
1770815201782 -0.5601967573165894 40800
1770815302078 -0.5594760775566101 41600
1770815397785 -0.612755537033081 42400
1770815496754 -0.569133460521698 43200
1770815592503 -0.613998532295227 44000
1770815686610 -0.5687413215637207 44800
1770815782493 -0.5678133964538574 45600
1770815881716 -0.617550253868103 46400
1770815977763 -0.670844554901123 47200
1770816073567 -0.580874502658844 48000
1770816169601 -0.638869047164917 48800
1770816265600 -0.6043155193328857 49600
1770816361761 -0.645094633102417 50400
1770816458099 -0.6303278803825378 51200
1770816554224 -0.5757400393486023 52000
1770816653296 -0.6937782168388367 52800
1770816747966 -0.6423828601837158 53600
1770816844286 -0.6512355208396912 54400
1770816940247 -0.5971789360046387 55200
1770817037719 -0.732897162437439 56000
1770817134123 -0.6768578290939331 56800
1770817231145 -0.6631694436073303 57600
1770817325804 -0.7176088094711304 58400
1770817422679 -0.7525267601013184 59200
1770817518879 -0.7108621597290039 60000
1770817618448 -0.726751446723938 60800
1770817713240 -0.6293503642082214 61600
1770817809892 -0.699176549911499 62400
1770817906773 -0.7111660242080688 63200
1770818006363 -0.746847927570343 64000
1770818104430 -0.8190532922744751 64800
1770818205370 -0.7286354899406433 65600
1770818302037 -0.8101533055305481 66400
1770818398411 -0.7811747193336487 67200
1770818495264 -0.8962881565093994 68000
1770818595287 -0.91118323802948 68800
1770818695145 -0.8406801223754883 69600
1770818792122 -0.7731203436851501 70400
1770818888920 -0.8109064698219299 71200
1770818988852 -0.8540000319480896 72000
1770819088924 -0.7255071997642517 72800
1770819189183 -0.7659958600997925 73600
1770819286085 -0.830224335193634 74400
1770819383356 -0.7338505983352661 75200
1770819479918 -0.8702616691589355 76000
1770819577419 -0.7998181581497192 76800
1770819674751 -0.8207995891571045 77600
1770819771683 -0.8007320761680603 78400
1770819868899 -0.857757031917572 79200
1770819965867 -0.8595974445343018 80000
1770820063933 -0.9207286834716797 80800
1770820161052 -1.0588830709457397 81600
1770820258299 -0.8679921627044678 82400
1770820356504 -0.84586501121521 83200
1770820453821 -0.9385589957237244 84000
1770820549500 -0.8985490798950195 84800
1770820650184 -0.8785842657089233 85600
1770820750529 -0.9425405263900757 86400
1770820848127 -0.8974295258522034 87200
1770820948902 -0.9252325296401978 88000
1770821044549 -0.8319393396377563 88800
1770821141475 -0.812552273273468 89600
1770821239261 -0.8708823323249817 90400
1770821336684 -0.8967146277427673 91200
1770821435240 -0.8155087828636169 92000
1770821535754 -0.8667306900024414 92800
1770821636839 -0.885009765625 93600
1770821734534 -0.8434311151504517 94400
1770821831878 -0.9052067399024963 95200
1770821932344 -0.9211847186088562 96000
1770822030839 -0.8857853412628174 96800
1770822128620 -0.8424574136734009 97600
1770822226661 -0.9320684671401978 98400
1770822323017 -0.9171545505523682 99200
1770822420597 -0.9756456017494202 100000
