1770810448025 0.9998759627342224 800
1770810541858 1.0004841089248657 1600
1770810636719 1.0013006925582886 2400
1770810731220 1.002008080482483 3200
1770810824126 1.002670407295227 4000
1770810918952 1.0032988786697388 4800
1770811015257 1.0034918785095215 5600
1770811108309 1.0038968324661255 6400
1770811203040 1.0048985481262207 7200
1770811298697 1.0054739713668823 8000
1770811391846 1.0059164762496948 8800
1770811486952 1.0065935850143433 9600
1770811582800 1.007318377494812 10400
1770811675830 1.0076072216033936 11200
1770811770371 1.0080198049545288 12000
1770811865296 1.0088130235671997 12800
1770811960088 1.0092792510986328 13600
1770812054770 1.0096876621246338 14400
1770812149805 1.0105695724487305 15200
1770812245954 1.0114527940750122 16000
1770812344130 1.0120798349380493 16800
1770812438969 1.0125747919082642 17600
1770812534003 1.0128988027572632 18400
1770812629207 1.0135383605957031 19200
1770812727539 1.014358639717102 20000
1770812820866 1.0146418809890747 20800
1770812914031 1.0150913000106812 21600
1770813010029 1.0154880285263062 22400
1770813105961 1.016075611114502 23200
1770813201972 1.0163451433181763 24000
1770813297466 1.016905426979065 24800
1770813391009 1.01738440990448 25600
1770813486340 1.0177175998687744 26400
1770813581635 1.0183601379394531 27200
1770813677251 1.0182617902755737 28000
1770813772253 1.0190455913543701 28800
1770813865949 1.0192546844482422 29600
1770813959791 1.0194514989852905 30400
1770814055309 1.0199178457260132 31200
1770814150864 1.0196985006332397 32000
1770814246432 1.0194802284240723 32800
1770814342115 1.019940972328186 33600
1770814437755 1.020448088645935 34400
1770814533408 1.0209177732467651 35200
1770814628836 1.0211622714996338 36000
1770814723210 1.0217258930206299 36800
1770814817074 1.0213967561721802 37600
1770814912630 1.0212265253067017 38400
1770815008452 1.0216984748840332 39200
1770815105123 1.021786093711853 40000
1770815201782 1.021639347076416 40800
1770815302078 1.0217252969741821 41600
1770815397785 1.0218884944915771 42400
1770815496754 1.022201418876648 43200
1770815592503 1.0222309827804565 44000
1770815686610 1.0219730138778687 44800
1770815782493 1.022139310836792 45600
1770815881716 1.0219208002090454 46400
1770815977763 1.0217868089675903 47200
1770816073567 1.0219346284866333 48000
1770816169601 1.0222816467285156 48800
1770816265600 1.0223009586334229 49600
1770816361761 1.0222890377044678 50400
1770816458099 1.0221428871154785 51200
1770816554224 1.0225709676742554 52000
1770816653296 1.0229047536849976 52800
1770816747966 1.0230786800384521 53600
1770816844286 1.022786259651184 54400
1770816940247 1.0220463275909424 55200
1770817037719 1.0220915079116821 56000
1770817134123 1.0218838453292847 56800
1770817231145 1.022050142288208 57600
1770817325804 1.0219566822052002 58400
1770817422679 1.0218013525009155 59200
1770817518879 1.021375060081482 60000
1770817618448 1.021146535873413 60800
1770817713240 1.0208163261413574 61600
1770817809892 1.0209431648254395 62400
1770817906773 1.0209283828735352 63200
1770818006363 1.0209687948226929 64000
1770818104430 1.0209877490997314 64800
1770818205370 1.0207902193069458 65600
1770818302037 1.0207111835479736 66400
1770818398411 1.0199354887008667 67200
1770818495264 1.0200350284576416 68000
1770818595287 1.020293951034546 68800
1770818695145 1.0199285745620728 69600
1770818792122 1.0198194980621338 70400
1770818888920 1.0196888446807861 71200
1770818988852 1.0193651914596558 72000
1770819088924 1.019013524055481 72800
1770819189183 1.018578052520752 73600
1770819286085 1.0183031558990479 74400
1770819383356 1.0180007219314575 75200
1770819479918 1.0177913904190063 76000
1770819577419 1.0174996852874756 76800
1770819674751 1.0175234079360962 77600
1770819771683 1.0172922611236572 78400
1770819868899 1.016652226448059 79200
1770819965867 1.0166374444961548 80000
1770820063933 1.0165265798568726 80800
1770820161052 1.0163874626159668 81600
1770820258299 1.0157288312911987 82400
1770820356504 1.0152554512023926 83200
1770820453821 1.0150049924850464 84000
1770820549500 1.014634370803833 84800
1770820650184 1.014665126800537 85600
1770820750529 1.0144976377487183 86400
1770820848127 1.0132607221603394 87200
1770820948902 1.0132629871368408 88000
1770821044549 1.012840747833252 88800
1770821141475 1.0129536390304565 89600
1770821239261 1.0128637552261353 90400
1770821336684 1.0124523639678955 91200
1770821435240 1.0119458436965942 92000
1770821535754 1.0116441249847412 92800
1770821636839 1.0114490985870361 93600
1770821734534 1.0110796689987183 94400
1770821831878 1.010928750038147 95200
1770821932344 1.0108740329742432 96000
1770822030839 1.010702133178711 96800
1770822128620 1.0101537704467773 97600
1770822226661 1.009907841682434 98400
1770822323017 1.0095326900482178 99200
1770822420597 1.0092912912368774 100000
