1770810448025 -0.0033247596584260464 800
1770810541858 -0.0035034101456403732 1600
1770810636719 -0.003533487906679511 2400
1770810731220 -0.003562229685485363 3200
1770810824126 -0.003746767295524478 4000
1770810918952 -0.003961740527302027 4800
1770811015257 -0.004091798793524504 5600
1770811108309 -0.0043963100761175156 6400
1770811203040 -0.004335398785769939 7200
1770811298697 -0.004183568526059389 8000
1770811391846 -0.004514807835221291 8800
1770811486952 -0.004290109500288963 9600
1770811582800 -0.004522946663200855 10400
1770811675830 -0.004670881200581789 11200
1770811770371 -0.004860193934291601 12000
1770811865296 -0.00517259631305933 12800
1770811960088 -0.005082075018435717 13600
1770812054770 -0.005075999069958925 14400
1770812149805 -0.005270094610750675 15200
1770812245954 -0.0052246092818677425 16000
1770812344130 -0.005339642986655235 16800
1770812438969 -0.005731888115406036 17600
1770812534003 -0.005658059846609831 18400
1770812629207 -0.005671227350831032 19200
1770812727539 -0.005712477955967188 20000
1770812820866 -0.006167433224618435 20800
1770812914031 -0.005981109105050564 21600
1770813010029 -0.005870621185749769 22400
1770813105961 -0.005704645067453384 23200
1770813201972 -0.006040849722921848 24000
1770813297466 -0.00601752195507288 24800
1770813391009 -0.006093121599406004 25600
1770813486340 -0.00663144513964653 26400
1770813581635 -0.006599118001759052 27200
1770813677251 -0.006891496945172548 28000
1770813772253 -0.00668781204149127 28800
1770813865949 -0.0069709718227386475 29600
1770813959791 -0.0070380400866270065 30400
1770814055309 -0.006904118694365025 31200
1770814150864 -0.007026202976703644 32000
1770814246432 -0.006844260264188051 32800
1770814342115 -0.006885687354952097 33600
1770814437755 -0.006815128028392792 34400
1770814533408 -0.007424515206366777 35200
1770814628836 -0.007507096976041794 36000
1770814723210 -0.0077065713703632355 36800
1770814817074 -0.007877946831285954 37600
1770814912630 -0.007410543039441109 38400
1770815008452 -0.008214517496526241 39200
1770815105123 -0.00827588327229023 40000
1770815201782 -0.008136721327900887 40800
1770815302078 -0.008007168769836426 41600
1770815397785 -0.008185730315744877 42400
1770815496754 -0.008738702163100243 43200
1770815592503 -0.00862756185233593 44000
1770815686610 -0.008957569487392902 44800
1770815782493 -0.009331881999969482 45600
1770815881716 -0.009294494986534119 46400
1770815977763 -0.009829569607973099 47200
1770816073567 -0.009760704822838306 48000
1770816169601 -0.009998000226914883 48800
1770816265600 -0.009946144185960293 49600
1770816361761 -0.009869827888906002 50400
1770816458099 -0.009902099147439003 51200
1770816554224 -0.01064976118505001 52000
1770816653296 -0.010699784383177757 52800
1770816747966 -0.010560056194663048 53600
1770816844286 -0.010671109892427921 54400
1770816940247 -0.01091011893004179 55200
1770817037719 -0.010866209864616394 56000
1770817134123 -0.011022137477993965 56800
1770817231145 -0.011362623423337936 57600
1770817325804 -0.011639880947768688 58400
1770817422679 -0.011693978682160378 59200
1770817518879 -0.011893675662577152 60000
1770817618448 -0.011915229260921478 60800
1770817713240 -0.012139875441789627 61600
1770817809892 -0.01286262646317482 62400
1770817906773 -0.013109779916703701 63200
1770818006363 -0.012889401987195015 64000
1770818104430 -0.013157222419977188 64800
1770818205370 -0.013255642727017403 65600
1770818302037 -0.013433207757771015 66400
1770818398411 -0.013103624805808067 67200
1770818495264 -0.013386763632297516 68000
1770818595287 -0.013980499468743801 68800
1770818695145 -0.013899465091526508 69600
1770818792122 -0.01393329631537199 70400
1770818888920 -0.013767547905445099 71200
1770818988852 -0.014104338362812996 72000
1770819088924 -0.014485524035990238 72800
1770819189183 -0.01432441733777523 73600
1770819286085 -0.01453876867890358 74400
1770819383356 -0.014744890853762627 75200
1770819479918 -0.01476452685892582 76000
1770819577419 -0.014643360860645771 76800
1770819674751 -0.014733842574059963 77600
1770819771683 -0.01486784964799881 78400
1770819868899 -0.015077654272317886 79200
1770819965867 -0.015266419388353825 80000
1770820063933 -0.015039787627756596 80800
1770820161052 -0.015331906266510487 81600
1770820258299 -0.014973921701312065 82400
1770820356504 -0.01512520294636488 83200
1770820453821 -0.015472251921892166 84000
1770820549500 -0.01565835252404213 84800
1770820650184 -0.015848783776164055 85600
1770820750529 -0.015897439792752266 86400
1770820848127 -0.01615842618048191 87200
1770820948902 -0.016169365495443344 88000
1770821044549 -0.01586325839161873 88800
1770821141475 -0.016523562371730804 89600
1770821239261 -0.016733989119529724 90400
1770821336684 -0.016597246751189232 91200
1770821435240 -0.017101125791668892 92000
1770821535754 -0.01686285249888897 92800
1770821636839 -0.016770638525485992 93600
1770821734534 -0.016675500199198723 94400
1770821831878 -0.0168194267898798 95200
1770821932344 -0.01737433671951294 96000
1770822030839 -0.017552584409713745 96800
1770822128620 -0.01777033321559429 97600
1770822226661 -0.01782599836587906 98400
1770822323017 -0.017926666885614395 99200
1770822420597 -0.01827642321586609 100000
