1770810448025 0.0012906003976240754 800
1770810541858 0.000927298329770565 1600
1770810636719 0.0005558734992519021 2400
1770810731220 0.00020408834097906947 3200
1770810824126 -0.000162126321811229 4000
1770810918952 -0.00014293089043349028 4800
1770811015257 -0.000994086847640574 5600
1770811108309 -0.0010000638430938125 6400
1770811203040 -0.0007994860643520951 7200
1770811298697 -0.0009327558800578117 8000
1770811391846 -0.0011996265966445208 8800
1770811486952 -0.0011155089596286416 9600
1770811582800 -0.0008270812686532736 10400
1770811675830 -0.0006237582419998944 11200
1770811770371 -0.0012970558600500226 12000
1770811865296 -0.0016359903384000063 12800
1770811960088 -0.001714574871584773 13600
1770812054770 -0.0017052566399797797 14400
1770812149805 -0.0018583739874884486 15200
1770812245954 -0.002018487546592951 16000
1770812344130 -0.0020586829632520676 16800
1770812438969 -0.0024251784197986126 17600
1770812534003 -0.00271234312094748 18400
1770812629207 -0.0029110671021044254 19200
1770812727539 -0.0030021921265870333 20000
1770812820866 -0.0034128567203879356 20800
1770812914031 -0.0038162791170179844 21600
1770813010029 -0.004391048569232225 22400
1770813105961 -0.004889355041086674 23200
1770813201972 -0.005010527558624744 24000
1770813297466 -0.0051903557032346725 24800
1770813391009 -0.005472511053085327 25600
1770813486340 -0.005823100917041302 26400
1770813581635 -0.0062614013440907 27200
1770813677251 -0.006544814445078373 28000
1770813772253 -0.007070521824061871 28800
1770813865949 -0.007682367693632841 29600
1770813959791 -0.008285706862807274 30400
1770814055309 -0.008539261296391487 31200
1770814150864 -0.009221622720360756 32000
1770814246432 -0.010168621316552162 32800
1770814342115 -0.010562502779066563 33600
1770814437755 -0.010772224515676498 34400
1770814533408 -0.011425701901316643 35200
1770814628836 -0.011495577171444893 36000
1770814723210 -0.011793185025453568 36800
1770814817074 -0.012096784077584743 37600
1770814912630 -0.012671197764575481 38400
1770815008452 -0.013291385024785995 39200
1770815105123 -0.013564965687692165 40000
1770815201782 -0.013890242204070091 40800
1770815302078 -0.01405103225260973 41600
1770815397785 -0.014965174719691277 42400
1770815496754 -0.015348531305789948 43200
1770815592503 -0.015934951603412628 44000
1770815686610 -0.016827331855893135 44800
1770815782493 -0.016967203468084335 45600
1770815881716 -0.017511416226625443 46400
1770815977763 -0.017981311306357384 47200
1770816073567 -0.01808076538145542 48000
1770816169601 -0.018710948526859283 48800
1770816265600 -0.01912880316376686 49600
1770816361761 -0.019281970337033272 50400
1770816458099 -0.01940617337822914 51200
1770816554224 -0.019890369847416878 52000
1770816653296 -0.020774291828274727 52800
1770816747966 -0.02056647464632988 53600
1770816844286 -0.021151358261704445 54400
1770816940247 -0.021538861095905304 55200
1770817037719 -0.022553037852048874 56000
1770817134123 -0.022571289911866188 56800
1770817231145 -0.022785359993577003 57600
1770817325804 -0.02363358810544014 58400
1770817422679 -0.023837914690375328 59200
1770817518879 -0.024332795292139053 60000
1770817618448 -0.02476649172604084 60800
1770817713240 -0.024670960381627083 61600
1770817809892 -0.025119515135884285 62400
1770817906773 -0.02557463012635708 63200
1770818006363 -0.025334423407912254 64000
1770818104430 -0.02592400833964348 64800
1770818205370 -0.026196355000138283 65600
1770818302037 -0.02700444497168064 66400
1770818398411 -0.027312519028782845 67200
1770818495264 -0.02774956077337265 68000
1770818595287 -0.028180211782455444 68800
1770818695145 -0.02818959392607212 69600
1770818792122 -0.028199169784784317 70400
1770818888920 -0.02855619229376316 71200
1770818988852 -0.028886277228593826 72000
1770819088924 -0.029383312910795212 72800
1770819189183 -0.029637794941663742 73600
1770819286085 -0.029927100986242294 74400
1770819383356 -0.030330095440149307 75200
1770819479918 -0.030726632103323936 76000
1770819577419 -0.030935367569327354 76800
1770819674751 -0.031340569257736206 77600
1770819771683 -0.03177736699581146 78400
1770819868899 -0.032348789274692535 79200
1770819965867 -0.03276383876800537 80000
1770820063933 -0.03257767856121063 80800
1770820161052 -0.033009517937898636 81600
1770820258299 -0.0328826904296875 82400
1770820356504 -0.033307719975709915 83200
1770820453821 -0.03379703313112259 84000
1770820549500 -0.03398403152823448 84800
1770820650184 -0.03420964628458023 85600
1770820750529 -0.03446945548057556 86400
1770820848127 -0.03484656289219856 87200
1770820948902 -0.03505540266633034 88000
1770821044549 -0.03504685312509537 88800
1770821141475 -0.03553213179111481 89600
1770821239261 -0.0357457660138607 90400
1770821336684 -0.03579183295369148 91200
1770821435240 -0.03608991950750351 92000
1770821535754 -0.036462679505348206 92800
1770821636839 -0.03634444624185562 93600
1770821734534 -0.03662131726741791 94400
1770821831878 -0.03703688457608223 95200
1770821932344 -0.03746675327420235 96000
1770822030839 -0.03755175322294235 96800
1770822128620 -0.03781658038496971 97600
1770822226661 -0.03800257295370102 98400
1770822323017 -0.037972401827573776 99200
1770822420597 -0.038400329649448395 100000
