1770810448025 0.9958208203315735 800
1770810541858 0.995988130569458 1600
1770810636719 0.9961972832679749 2400
1770810731220 0.9966555237770081 3200
1770810824126 0.9973217248916626 4000
1770810918952 0.9976580739021301 4800
1770811015257 0.9983770847320557 5600
1770811108309 0.9989975094795227 6400
1770811203040 0.9996746182441711 7200
1770811298697 1.0001949071884155 8000
1770811391846 1.000633955001831 8800
1770811486952 1.001316785812378 9600
1770811582800 1.0018292665481567 10400
1770811675830 1.002384066581726 11200
1770811770371 1.0033092498779297 12000
1770811865296 1.0036370754241943 12800
1770811960088 1.0042667388916016 13600
1770812054770 1.0050262212753296 14400
1770812149805 1.0051437616348267 15200
1770812245954 1.0060570240020752 16000
1770812344130 1.006778359413147 16800
1770812438969 1.007306694984436 17600
1770812534003 1.0080065727233887 18400
1770812629207 1.0085687637329102 19200
1770812727539 1.0090223550796509 20000
1770812820866 1.0098470449447632 20800
1770812914031 1.0112954378128052 21600
1770813010029 1.0122106075286865 22400
1770813105961 1.0125606060028076 23200
1770813201972 1.0130336284637451 24000
1770813297466 1.0131862163543701 24800
1770813391009 1.0135523080825806 25600
1770813486340 1.0141656398773193 26400
1770813581635 1.0147178173065186 27200
1770813677251 1.0152983665466309 28000
1770813772253 1.0156822204589844 28800
1770813865949 1.015978455543518 29600
1770813959791 1.0161975622177124 30400
1770814055309 1.0165460109710693 31200
1770814150864 1.016401767730713 32000
1770814246432 1.0164237022399902 32800
1770814342115 1.0164794921875 33600
1770814437755 1.016392707824707 34400
1770814533408 1.0167198181152344 35200
1770814628836 1.0167073011398315 36000
1770814723210 1.0169639587402344 36800
1770814817074 1.0172004699707031 37600
1770814912630 1.0172754526138306 38400
1770815008452 1.0173853635787964 39200
1770815105123 1.0173375606536865 40000
1770815201782 1.0174145698547363 40800
1770815302078 1.0175811052322388 41600
1770815397785 1.0175654888153076 42400
1770815496754 1.017664909362793 43200
1770815592503 1.017615795135498 44000
1770815686610 1.0177812576293945 44800
1770815782493 1.0178529024124146 45600
1770815881716 1.0177198648452759 46400
1770815977763 1.0175902843475342 47200
1770816073567 1.017767310142517 48000
1770816169601 1.0176843404769897 48800
1770816265600 1.0177890062332153 49600
1770816361761 1.0177059173583984 50400
1770816458099 1.0176688432693481 51200
1770816554224 1.0177600383758545 52000
1770816653296 1.0176331996917725 52800
1770816747966 1.017669916152954 53600
1770816844286 1.017626404762268 54400
1770816940247 1.0177561044692993 55200
1770817037719 1.017493724822998 56000
1770817134123 1.0175083875656128 56800
1770817231145 1.0175563097000122 57600
1770817325804 1.0174373388290405 58400
1770817422679 1.0173237323760986 59200
1770817518879 1.017370581626892 60000
1770817618448 1.0172853469848633 60800
1770817713240 1.0174263715744019 61600
1770817809892 1.017309308052063 62400
1770817906773 1.0171812772750854 63200
1770818006363 1.0171030759811401 64000
1770818104430 1.0168991088867188 64800
1770818205370 1.017033338546753 65600
1770818302037 1.016832947731018 66400
1770818398411 1.0168559551239014 67200
1770818495264 1.016591191291809 68000
1770818595287 1.0165388584136963 68800
1770818695145 1.0165950059890747 69600
1770818792122 1.016711711883545 70400
1770818888920 1.0165737867355347 71200
1770818988852 1.0164740085601807 72000
1770819088924 1.0166645050048828 72800
1770819189183 1.0165687799453735 73600
1770819286085 1.0164246559143066 74400
1770819383356 1.0165108442306519 75200
1770819479918 1.0163041353225708 76000
1770819577419 1.0163458585739136 76800
1770819674751 1.016302227973938 77600
1770819771683 1.0162639617919922 78400
1770819868899 1.0160999298095703 79200
1770819965867 1.0161020755767822 80000
1770820063933 1.015960693359375 80800
1770820161052 1.01566481590271 81600
1770820258299 1.0159529447555542 82400
1770820356504 1.0158993005752563 83200
1770820453821 1.0157335996627808 84000
1770820549500 1.0157369375228882 84800
1770820650184 1.0157138109207153 85600
1770820750529 1.0155460834503174 86400
1770820848127 1.0155389308929443 87200
1770820948902 1.015454888343811 88000
1770821044549 1.0155973434448242 88800
1770821141475 1.0156456232070923 89600
1770821239261 1.0155444145202637 90400
1770821336684 1.0154705047607422 91200
1770821435240 1.0155388116836548 92000
1770821535754 1.0153770446777344 92800
1770821636839 1.0153368711471558 93600
1770821734534 1.015387773513794 94400
1770821831878 1.0152627229690552 95200
1770821932344 1.0152349472045898 96000
1770822030839 1.0152779817581177 96800
1770822128620 1.0152819156646729 97600
1770822226661 1.0149894952774048 98400
1770822323017 1.0149470567703247 99200
1770822420597 1.0148136615753174 100000
