1770810448025 0.0 800
1770810541858 0.0 1600
1770810636719 0.0 2400
1770810731220 0.0 3200
1770810824126 0.0 4000
1770810918952 0.0 4800
1770811015257 0.0 5600
1770811108309 0.0 6400
1770811203040 0.0 7200
1770811298697 0.0 8000
1770811391846 0.0 8800
1770811486952 0.0 9600
1770811582800 0.0 10400
1770811675830 0.0 11200
1770811770371 0.0 12000
1770811865296 0.0 12800
1770811960088 0.0 13600
1770812054770 0.0 14400
1770812149805 0.0 15200
1770812245954 0.0 16000
1770812344130 0.0 16800
1770812438969 0.0 17600
1770812534003 0.0 18400
1770812629207 0.0 19200
1770812727539 0.0 20000
1770812820866 0.0 20800
1770812914031 0.0 21600
1770813010029 0.0 22400
1770813105961 0.0 23200
1770813201972 0.0 24000
1770813297466 0.0 24800
1770813391009 0.0 25600
1770813486340 0.0 26400
1770813581635 0.0 27200
1770813677251 0.0 28000
1770813772253 0.0 28800
1770813865949 0.0 29600
1770813959791 0.0 30400
1770814055309 0.0 31200
1770814150864 0.0 32000
1770814246432 0.0 32800
1770814342115 0.0 33600
1770814437755 0.0 34400
1770814533408 0.0 35200
1770814628836 0.0 36000
1770814723210 0.0 36800
1770814817074 0.0 37600
1770814912630 0.0 38400
1770815008452 0.0 39200
1770815105123 0.0 40000
1770815201782 0.0 40800
1770815302078 0.0 41600
1770815397785 0.0 42400
1770815496754 0.0 43200
1770815592503 0.0 44000
1770815686610 0.0 44800
1770815782493 0.0 45600
1770815881716 0.0 46400
1770815977763 0.0 47200
1770816073567 0.0 48000
1770816169601 0.0 48800
1770816265600 0.0 49600
1770816361761 0.0 50400
1770816458099 0.0 51200
1770816554224 0.0 52000
1770816653296 0.0 52800
1770816747966 0.0 53600
1770816844286 0.0 54400
1770816940247 0.0 55200
1770817037719 0.0 56000
1770817134123 0.0 56800
1770817231145 0.0 57600
1770817325804 0.0 58400
1770817422679 0.0 59200
1770817518879 0.0 60000
1770817618448 0.0 60800
1770817713240 0.0 61600
1770817809892 0.0 62400
1770817906773 0.0 63200
1770818006363 0.0 64000
1770818104430 0.0 64800
1770818205370 0.0 65600
1770818302037 0.0 66400
1770818398411 0.0 67200
1770818495264 0.0 68000
1770818595287 0.0 68800
1770818695145 0.0 69600
1770818792122 0.0 70400
1770818888920 0.0 71200
1770818988852 0.0 72000
1770819088924 0.0 72800
1770819189183 0.0 73600
1770819286085 0.0 74400
1770819383356 0.0 75200
1770819479918 0.0 76000
1770819577419 0.0 76800
1770819674751 0.0 77600
1770819771683 0.0 78400
1770819868899 0.0 79200
1770819965867 0.0 80000
1770820063933 0.0 80800
1770820161052 0.0 81600
1770820258299 0.0 82400
1770820356504 0.0 83200
1770820453821 0.0 84000
1770820549500 0.0 84800
1770820650184 0.0 85600
1770820750529 0.0 86400
1770820848127 0.0 87200
1770820948902 0.0 88000
1770821044549 0.0 88800
1770821141475 0.0 89600
1770821239261 0.0 90400
1770821336684 0.0 91200
1770821435240 0.0 92000
1770821535754 0.0 92800
1770821636839 0.0 93600
1770821734534 0.0 94400
1770821831878 0.0 95200
1770821932344 0.0 96000
1770822030839 0.0 96800
1770822128620 0.0 97600
1770822226661 0.0 98400
1770822323017 0.0 99200
1770822420597 0.0 100000
