1770810448025 21035636.0 800
1770810541858 19189880.0 1600
1770810636719 17719966.0 2400
1770810731220 16853904.0 3200
1770810824126 16407369.0 4000
1770810918952 15133594.0 4800
1770811015257 14851996.0 5600
1770811108309 14187534.0 6400
1770811203040 14169125.0 7200
1770811298697 13900776.0 8000
1770811391846 13265378.0 8800
1770811486952 13297824.0 9600
1770811582800 13109540.0 10400
1770811675830 12868074.0 11200
1770811770371 13049330.0 12000
1770811865296 13117803.0 12800
1770811960088 13119911.0 13600
1770812054770 13086931.0 14400
1770812149805 12994504.0 15200
1770812245954 12966597.0 16000
1770812344130 13046017.0 16800
1770812438969 12976726.0 17600
1770812534003 12953954.0 18400
1770812629207 13029802.0 19200
1770812727539 13041968.0 20000
1770812820866 12983777.0 20800
1770812914031 13061435.0 21600
1770813010029 13022354.0 22400
1770813105961 13023442.0 23200
1770813201972 12938526.0 24000
1770813297466 12960830.0 24800
1770813391009 12952307.0 25600
1770813486340 12873060.0 26400
1770813581635 12956787.0 27200
1770813677251 12931711.0 28000
1770813772253 12975150.0 28800
1770813865949 12925850.0 29600
1770813959791 12886926.0 30400
1770814055309 12942688.0 31200
1770814150864 12874726.0 32000
1770814246432 12993193.0 32800
1770814342115 12798009.0 33600
1770814437755 12843441.0 34400
1770814533408 12767391.0 35200
1770814628836 12847243.0 36000
1770814723210 12867487.0 36800
1770814817074 12743507.0 37600
1770814912630 12697301.0 38400
1770815008452 12750434.0 39200
1770815105123 12769917.0 40000
1770815201782 12760718.0 40800
1770815302078 12751751.0 41600
1770815397785 12832495.0 42400
1770815496754 12794434.0 43200
1770815592503 12806671.0 44000
1770815686610 12788892.0 44800
1770815782493 12799755.0 45600
1770815881716 12772364.0 46400
1770815977763 12792093.0 47200
1770816073567 12729405.0 48000
1770816169601 12763270.0 48800
1770816265600 12738470.0 49600
1770816361761 12722000.0 50400
1770816458099 12674292.0 51200
1770816554224 12680711.0 52000
1770816653296 12784247.0 52800
1770816747966 12707090.0 53600
1770816844286 12662443.0 54400
1770816940247 12692281.0 55200
1770817037719 12763562.0 56000
1770817134123 12681229.0 56800
1770817231145 12675850.0 57600
1770817325804 12747007.0 58400
1770817422679 12746218.0 59200
1770817518879 12684284.0 60000
1770817618448 12692764.0 60800
1770817713240 12524151.0 61600
1770817809892 12621046.0 62400
1770817906773 12593178.0 63200
1770818006363 12646799.0 64000
1770818104430 12736088.0 64800
1770818205370 12579019.0 65600
1770818302037 12710004.0 66400
1770818398411 12628787.0 67200
1770818495264 12884799.0 68000
1770818595287 12940110.0 68800
1770818695145 12728813.0 69600
1770818792122 12586775.0 70400
1770818888920 12665361.0 71200
1770818988852 12768800.0 72000
1770819088924 12527637.0 72800
1770819189183 12552562.0 73600
1770819286085 12661479.0 74400
1770819383356 12489231.0 75200
1770819479918 12666699.0 76000
1770819577419 12549504.0 76800
1770819674751 12567362.0 77600
1770819771683 12503639.0 78400
1770819868899 12562614.0 79200
1770819965867 12581846.0 80000
1770820063933 12698664.0 80800
1770820161052 13119946.0 81600
1770820258299 12539941.0 82400
1770820356504 12478603.0 83200
1770820453821 12647274.0 84000
1770820549500 12559516.0 84800
1770820650184 12535688.0 85600
1770820750529 12702270.0 86400
1770820848127 12546615.0 87200
1770820948902 12571912.0 88000
1770821044549 12355679.0 88800
1770821141475 12367824.0 89600
1770821239261 12469720.0 90400
1770821336684 12524053.0 91200
1770821435240 12376236.0 92000
1770821535754 12428229.0 92800
1770821636839 12462680.0 93600
1770821734534 12371986.0 94400
1770821831878 12458758.0 95200
1770821932344 12494913.0 96000
1770822030839 12421149.0 96800
1770822128620 12345911.0 97600
1770822226661 12486103.0 98400
1770822323017 12424710.0 99200
1770822420597 12571301.0 100000
