1770810448025 13.466507196426392 800
1770810541858 13.365431129932404 1600
1770810636719 13.339617848396301 2400
1770810731220 13.316529989242554 3200
1770810824126 13.290542364120483 4000
1770810918952 13.363230228424072 4800
1770811015257 13.355588912963867 5600
1770811108309 13.430391252040863 6400
1770811203040 13.396932184696198 7200
1770811298697 13.429532945156097 8000
1770811391846 13.617075979709625 8800
1770811486952 13.587164878845215 9600
1770811582800 13.66874873638153 10400
1770811675830 13.862615823745728 11200
1770811770371 13.727740943431854 12000
1770811865296 13.684426248073578 12800
1770811960088 13.682635128498077 13600
1770812054770 13.706807792186737 14400
1770812149805 13.713842630386353 15200
1770812245954 13.752985000610352 16000
1770812344130 13.780245184898376 16800
1770812438969 13.863831758499146 17600
1770812534003 13.894282281398773 18400
1770812629207 13.818705081939697 19200
1770812727539 13.81075531244278 20000
1770812820866 13.89683485031128 20800
1770812914031 13.91763836145401 21600
1770813010029 14.015495777130127 22400
1770813105961 13.915154337882996 23200
1770813201972 14.052912592887878 24000
1770813297466 13.89763057231903 24800
1770813391009 13.86929452419281 25600
1770813486340 13.944672048091888 26400
1770813581635 13.907106220722198 27200
1770813677251 14.01987373828888 28000
1770813772253 13.987807929515839 28800
1770813865949 13.974404335021973 29600
1770813959791 13.936997950077057 30400
1770814055309 13.940829038619995 31200
1770814150864 13.889479637145996 32000
1770814246432 13.784104585647583 32800
1770814342115 13.833807408809662 33600
1770814437755 13.749377429485321 34400
1770814533408 13.83901983499527 35200
1770814628836 13.773539662361145 36000
1770814723210 13.782274723052979 36800
1770814817074 13.897417485713959 37600
1770814912630 13.872186839580536 38400
1770815008452 13.927032053470612 39200
1770815105123 13.872139155864716 40000
1770815201782 13.868366181850433 40800
1770815302078 13.877087831497192 41600
1770815397785 13.840351998806 42400
1770815496754 13.885831832885742 43200
1770815592503 13.828466832637787 44000
1770815686610 13.918721675872803 44800
1770815782493 13.937017321586609 45600
1770815881716 13.855183124542236 46400
1770815977763 13.790012896060944 47200
1770816073567 13.895921409130096 48000
1770816169601 13.844425976276398 48800
1770816265600 13.919425010681152 49600
1770816361761 13.862273097038269 50400
1770816458099 13.856609165668488 51200
1770816554224 13.951687514781952 52000
1770816653296 13.842475414276123 52800
1770816747966 13.882055878639221 53600
1770816844286 13.851708173751831 54400
1770816940247 13.955484330654144 55200
1770817037719 13.798367977142334 56000
1770817134123 13.834729790687561 56800
1770817231145 13.87433260679245 57600
1770817325804 13.843216001987457 58400
1770817422679 13.792791962623596 59200
1770817518879 13.83744329214096 60000
1770817618448 13.807404041290283 60800
1770817713240 13.892203569412231 61600
1770817809892 13.871116936206818 62400
1770817906773 13.842763006687164 63200
1770818006363 13.802339136600494 64000
1770818104430 13.720384240150452 64800
1770818205370 13.802976906299591 65600
1770818302037 13.739369809627533 66400
1770818398411 13.760758936405182 67200
1770818495264 13.708487153053284 68000
1770818595287 13.71401846408844 68800
1770818695145 13.723468780517578 69600
1770818792122 13.784615695476532 70400
1770818888920 13.751956820487976 71200
1770818988852 13.754762709140778 72000
1770819088924 13.859973847866058 72800
1770819189183 13.843701779842377 73600
1770819286085 13.814975321292877 74400
1770819383356 13.864894211292267 75200
1770819479918 13.782240450382233 76000
1770819577419 13.835924863815308 76800
1770819674751 13.827560842037201 77600
1770819771683 13.834691047668457 78400
1770819868899 13.796012103557587 79200
1770819965867 13.807249069213867 80000
1770820063933 13.73836100101471 80800
1770820161052 13.653984665870667 81600
1770820258299 13.745144009590149 82400
1770820356504 13.774628937244415 83200
1770820453821 13.728199899196625 84000
1770820549500 13.737688958644867 84800
1770820650184 13.752302527427673 85600
1770820750529 13.714377582073212 86400
1770820848127 13.762395083904266 87200
1770820948902 13.734827935695648 88000
1770821044549 13.783419132232666 88800
1770821141475 13.842594623565674 89600
1770821239261 13.803794980049133 90400
1770821336684 13.769963383674622 91200
1770821435240 13.82128894329071 92000
1770821535754 13.781622052192688 92800
1770821636839 13.751541078090668 93600
1770821734534 13.795387744903564 94400
1770821831878 13.766399025917053 95200
1770821932344 13.770495355129242 96000
1770822030839 13.793392479419708 96800
1770822128620 13.848067820072174 97600
1770822226661 13.758145272731781 98400
1770822323017 13.756565749645233 99200
1770822420597 13.733050227165222 100000
