1770810448025 0.042276106774806976 800
1770810541858 0.26843392848968506 1600
1770810636719 0.41312044858932495 2400
1770810731220 0.45407184958457947 3200
1770810824126 0.4679926335811615 4000
1770810918952 0.6033524870872498 4800
1770811015257 0.527595043182373 5600
1770811108309 0.6541623473167419 6400
1770811203040 0.5667514801025391 7200
1770811298697 0.614915668964386 8000
1770811391846 0.8975070714950562 8800
1770811486952 0.8480381369590759 9600
1770811582800 0.9681272506713867 10400
1770811675830 1.125476598739624 11200
1770811770371 0.936855673789978 12000
1770811865296 0.8807039856910706 12800
1770811960088 0.8756365776062012 13600
1770812054770 0.8888923525810242 14400
1770812149805 0.8955554366111755 15200
1770812245954 0.8965489268302917 16000
1770812344130 0.9068658351898193 16800
1770812438969 0.9848341345787048 17600
1770812534003 0.9886950254440308 18400
1770812629207 0.925098717212677 19200
1770812727539 0.9397018551826477 20000
1770812820866 0.97469162940979 20800
1770812914031 0.9432888627052307 21600
1770813010029 1.0522767305374146 22400
1770813105961 0.934315025806427 23200
1770813201972 1.1201882362365723 24000
1770813297466 0.9817169308662415 24800
1770813391009 0.9487375617027283 25600
1770813486340 0.9972072839736938 26400
1770813581635 0.9615260362625122 27200
1770813677251 1.0770081281661987 28000
1770813772253 1.0309839248657227 28800
1770813865949 1.025506615638733 29600
1770813959791 1.0075794458389282 30400
1770814055309 0.9770604968070984 31200
1770814150864 0.9319356679916382 32000
1770814246432 0.8242083787918091 32800
1770814342115 0.9020438194274902 33600
1770814437755 0.8140880465507507 34400
1770814533408 0.9076842069625854 35200
1770814628836 0.8336617350578308 36000
1770814723210 0.8074508905410767 36800
1770814817074 0.9345073103904724 37600
1770814912630 0.874068021774292 38400
1770815008452 0.9581890106201172 39200
1770815105123 0.8795067667961121 40000
1770815201782 0.8693181276321411 40800
1770815302078 0.8772369623184204 41600
1770815397785 0.8070729970932007 42400
1770815496754 0.8502838015556335 43200
1770815592503 0.7870739102363586 44000
1770815686610 0.8744599223136902 44800
1770815782493 0.8817033767700195 45600
1770815881716 0.7935237884521484 46400
1770815977763 0.7561734914779663 47200
1770816073567 0.8395690321922302 48000
1770816169601 0.8003853559494019 48800
1770816265600 0.8374329805374146 49600
1770816361761 0.7941738963127136 50400
1770816458099 0.8090826869010925 51200
1770816554224 0.8907851576805115 52000
1770816653296 0.7563421726226807 52800
1770816747966 0.7982569932937622 53600
1770816844286 0.7784696817398071 54400
1770816940247 0.859218180179596 55200
1770817037719 0.7044216394424438 56000
1770817134123 0.7506757974624634 56800
1770817231145 0.7576789259910583 57600
1770817325804 0.7122195363044739 58400
1770817422679 0.6778702139854431 59200
1770817518879 0.7120850086212158 60000
1770817618448 0.6906365752220154 60800
1770817713240 0.8285498023033142 61600
1770817809892 0.7662582397460938 62400
1770817906773 0.7467515468597412 63200
1770818006363 0.7122805714607239 64000
1770818104430 0.6000974774360657 64800
1770818205370 0.7128944396972656 65600
1770818302037 0.6029548048973083 66400
1770818398411 0.6355187296867371 67200
1770818495264 0.48928576707839966 68000
1770818595287 0.4809972047805786 68800
1770818695145 0.5862241387367249 69600
1770818792122 0.6348113417625427 70400
1770818888920 0.6292886137962341 71200
1770818988852 0.6095242500305176 72000
1770819088924 0.7116312980651855 72800
1770819189183 0.6871204376220703 73600
1770819286085 0.607947826385498 74400
1770819383356 0.7013260722160339 75200
1770819479918 0.5964290499687195 76000
1770819577419 0.6229156255722046 76800
1770819674751 0.6006830930709839 77600
1770819771683 0.6286038756370544 78400
1770819868899 0.6106166839599609 79200
1770819965867 0.5721490979194641 80000
1770820063933 0.4862448275089264 80800
1770820161052 0.225150927901268 81600
1770820258299 0.52549147605896 82400
1770820356504 0.6036348938941956 83200
1770820453821 0.4576675593852997 84000
1770820549500 0.509019672870636 84800
1770820650184 0.5224118232727051 85600
1770820750529 0.4172798693180084 86400
1770820848127 0.5476625561714172 87200
1770820948902 0.4768156111240387 88000
1770821044549 0.5952824354171753 88800
1770821141475 0.6126031279563904 89600
1770821239261 0.563797116279602 90400
1770821336684 0.5347324013710022 91200
1770821435240 0.591329038143158 92000
1770821535754 0.5530656576156616 92800
1770821636839 0.5297450423240662 93600
1770821734534 0.5745460987091064 94400
1770821831878 0.526570737361908 95200
1770821932344 0.50761479139328 96000
1770822030839 0.5499182939529419 96800
1770822128620 0.584658682346344 97600
1770822226661 0.5068638324737549 98400
1770822323017 0.5118977427482605 99200
1770822420597 0.4264664947986603 100000
