1770810448025 5.959892272949219 800
1770810541858 5.626061916351318 1600
1770810636719 4.932425498962402 2400
1770810731220 5.942138195037842 3200
1770810824126 7.793184757232666 4000
1770810918952 6.438690185546875 4800
1770811015257 8.120173454284668 5600
1770811108309 7.46444845199585 6400
1770811203040 9.356491088867188 7200
1770811298697 10.28349781036377 8000
1770811391846 7.8008222579956055 8800
1770811486952 10.220480918884277 9600
1770811582800 9.956462860107422 10400
1770811675830 8.26239013671875 11200
1770811770371 10.572246551513672 12000
1770811865296 10.340936660766602 12800
1770811960088 10.943780899047852 13600
1770812054770 11.316889762878418 14400
1770812149805 10.196882247924805 15200
1770812245954 10.551020622253418 16000
1770812344130 11.116312026977539 16800
1770812438969 10.021000862121582 17600
1770812534003 9.444371223449707 18400
1770812629207 10.382393836975098 19200
1770812727539 9.474756240844727 20000
1770812820866 8.148033142089844 20800
1770812914031 9.851471900939941 21600
1770813010029 9.20927906036377 22400
1770813105961 10.44329833984375 23200
1770813201972 7.704680442810059 24000
1770813297466 9.101932525634766 24800
1770813391009 9.808267593383789 25600
1770813486340 8.54296588897705 26400
1770813581635 10.034235000610352 27200
1770813677251 8.320979118347168 28000
1770813772253 8.912673950195312 28800
1770813865949 9.39572525024414 29600
1770813959791 10.106597900390625 30400
1770814055309 10.90199089050293 31200
1770814150864 10.245450973510742 32000
1770814246432 11.956419944763184 32800
1770814342115 9.38924789428711 33600
1770814437755 10.532404899597168 34400
1770814533408 8.88175106048584 35200
1770814628836 10.025314331054688 36000
1770814723210 10.75229263305664 36800
1770814817074 9.08988094329834 37600
1770814912630 9.192181587219238 38400
1770815008452 8.609641075134277 39200
1770815105123 9.032454490661621 40000
1770815201782 8.790799140930176 40800
1770815302078 9.057204246520996 41600
1770815397785 9.975622177124023 42400
1770815496754 9.105849266052246 43200
1770815592503 9.87511157989502 44000
1770815686610 9.334712982177734 44800
1770815782493 9.878593444824219 45600
1770815881716 10.029031753540039 46400
1770815977763 10.367987632751465 47200
1770816073567 8.678411483764648 48000
1770816169601 9.331612586975098 48800
1770816265600 9.598267555236816 49600
1770816361761 10.418441772460938 50400
1770816458099 9.762993812561035 51200
1770816554224 8.742673873901367 52000
1770816653296 10.854765892028809 52800
1770816747966 9.533185005187988 53600
1770816844286 9.437578201293945 54400
1770816940247 8.963627815246582 55200
1770817037719 10.99477481842041 56000
1770817134123 9.615163803100586 56800
1770817231145 9.743050575256348 57600
1770817325804 10.592576026916504 58400
1770817422679 10.734466552734375 59200
1770817518879 10.029043197631836 60000
1770817618448 9.494223594665527 60800
1770817713240 7.974886417388916 61600
1770817809892 9.460407257080078 62400
1770817906773 9.147774696350098 63200
1770818006363 9.878586769104004 64000
1770818104430 10.05595588684082 64800
1770818205370 8.974156379699707 65600
1770818302037 9.740988731384277 66400
1770818398411 9.367920875549316 67200
1770818495264 11.061654090881348 68000
1770818595287 11.246670722961426 68800
1770818695145 9.611315727233887 69600
1770818792122 8.821465492248535 70400
1770818888920 9.232406616210938 71200
1770818988852 10.033082962036133 72000
1770819088924 7.641031742095947 72800
1770819189183 9.118236541748047 73600
1770819286085 10.41175365447998 74400
1770819383356 7.951943397521973 75200
1770819479918 10.853694915771484 76000
1770819577419 9.053024291992188 76800
1770819674751 9.412461280822754 77600
1770819771683 9.040861129760742 78400
1770819868899 10.117415428161621 79200
1770819965867 10.01856803894043 80000
1770820063933 10.898789405822754 80800
1770820161052 12.461833953857422 81600
1770820258299 9.417317390441895 82400
1770820356504 8.75590705871582 83200
1770820453821 10.957531929016113 84000
1770820549500 9.93547248840332 84800
1770820650184 9.141430854797363 85600
1770820750529 10.20022201538086 86400
1770820848127 9.911404609680176 87200
1770820948902 10.43834400177002 88000
1770821044549 9.194635391235352 88800
1770821141475 9.124234199523926 89600
1770821239261 9.910321235656738 90400
1770821336684 10.438080787658691 91200
1770821435240 8.774272918701172 92000
1770821535754 9.171481132507324 92800
1770821636839 9.653483390808105 93600
1770821734534 9.00551986694336 94400
1770821831878 9.855840682983398 95200
1770821932344 10.160079002380371 96000
1770822030839 9.604756355285645 96800
1770822128620 8.964177131652832 97600
1770822226661 9.232901573181152 98400
1770822323017 8.62973403930664 99200
1770822420597 9.681793212890625 100000
