1770810448025 0.9986444115638733 800
1770810541858 0.9999052882194519 1600
1770810636719 1.0006818771362305 2400
1770810731220 1.0016710758209229 3200
1770810824126 1.002377986907959 4000
1770810918952 1.0031135082244873 4800
1770811015257 1.0034235715866089 5600
1770811108309 1.0035836696624756 6400
1770811203040 1.0041329860687256 7200
1770811298697 1.0043270587921143 8000
1770811391846 1.0042970180511475 8800
1770811486952 1.004237413406372 9600
1770811582800 1.0040184259414673 10400
1770811675830 1.0039699077606201 11200
1770811770371 1.0030781030654907 12000
1770811865296 1.0028014183044434 12800
1770811960088 1.0026085376739502 13600
1770812054770 1.0022478103637695 14400
1770812149805 1.002219557762146 15200
1770812245954 1.0019800662994385 16000
1770812344130 1.0015474557876587 16800
1770812438969 1.0014159679412842 17600
1770812534003 1.0015143156051636 18400
1770812629207 1.0015350580215454 19200
1770812727539 1.0014759302139282 20000
1770812820866 1.0015491247177124 20800
1770812914031 1.0015367269515991 21600
1770813010029 1.0015690326690674 22400
1770813105961 1.0019911527633667 23200
1770813201972 1.0020207166671753 24000
1770813297466 1.0021626949310303 24800
1770813391009 1.002437710762024 25600
1770813486340 1.0025806427001953 26400
1770813581635 1.0027564764022827 27200
1770813677251 1.002476453781128 28000
1770813772253 1.0023216009140015 28800
1770813865949 1.0025749206542969 29600
1770813959791 1.002732515335083 30400
1770814055309 1.0026450157165527 31200
1770814150864 1.0025571584701538 32000
1770814246432 1.0026159286499023 32800
1770814342115 1.002658486366272 33600
1770814437755 1.0030677318572998 34400
1770814533408 1.0029524564743042 35200
1770814628836 1.0027780532836914 36000
1770814723210 1.0028399229049683 36800
1770814817074 1.002869963645935 37600
1770814912630 1.0029845237731934 38400
1770815008452 1.0027132034301758 39200
1770815105123 1.0025125741958618 40000
1770815201782 1.0023232698440552 40800
1770815302078 1.0025783777236938 41600
1770815397785 1.0024216175079346 42400
1770815496754 1.0023584365844727 43200
1770815592503 1.002620816230774 44000
1770815686610 1.0029325485229492 44800
1770815782493 1.0032728910446167 45600
1770815881716 1.003127098083496 46400
1770815977763 1.003208041191101 47200
1770816073567 1.0029456615447998 48000
1770816169601 1.003083348274231 48800
1770816265600 1.0034714937210083 49600
1770816361761 1.0037230253219604 50400
1770816458099 1.0036768913269043 51200
1770816554224 1.0038789510726929 52000
1770816653296 1.0043115615844727 52800
1770816747966 1.0042853355407715 53600
1770816844286 1.0044187307357788 54400
1770816940247 1.004092812538147 55200
1770817037719 1.0043928623199463 56000
1770817134123 1.0042754411697388 56800
1770817231145 1.0044668912887573 57600
1770817325804 1.0043214559555054 58400
1770817422679 1.0043325424194336 59200
1770817518879 1.0042998790740967 60000
1770817618448 1.0042941570281982 60800
1770817713240 1.00473952293396 61600
1770817809892 1.0047470331192017 62400
1770817906773 1.004908800125122 63200
1770818006363 1.0049574375152588 64000
1770818104430 1.0051202774047852 64800
1770818205370 1.0053825378417969 65600
1770818302037 1.0055086612701416 66400
1770818398411 1.0054689645767212 67200
1770818495264 1.005210518836975 68000
1770818595287 1.0050777196884155 68800
1770818695145 1.0052011013031006 69600
1770818792122 1.005450963973999 70400
1770818888920 1.0052522420883179 71200
1770818988852 1.0051259994506836 72000
1770819088924 1.0058311223983765 72800
1770819189183 1.00623619556427 73600
1770819286085 1.0062017440795898 74400
1770819383356 1.0063679218292236 75200
1770819479918 1.006434679031372 76000
1770819577419 1.0063021183013916 76800
1770819674751 1.00649893283844 77600
1770819771683 1.0067150592803955 78400
1770819868899 1.006798267364502 79200
1770819965867 1.0067063570022583 80000
1770820063933 1.006592035293579 80800
1770820161052 1.0065706968307495 81600
1770820258299 1.0066354274749756 82400
1770820356504 1.0066206455230713 83200
1770820453821 1.0067930221557617 84000
1770820549500 1.0066131353378296 84800
1770820650184 1.0064531564712524 85600
1770820750529 1.0061322450637817 86400
1770820848127 1.0063140392303467 87200
1770820948902 1.0067671537399292 88000
1770821044549 1.0070158243179321 88800
1770821141475 1.0069701671600342 89600
1770821239261 1.0066921710968018 90400
1770821336684 1.006508231163025 91200
1770821435240 1.0065407752990723 92000
1770821535754 1.006557822227478 92800
1770821636839 1.006638765335083 93600
1770821734534 1.0069384574890137 94400
1770821831878 1.0071080923080444 95200
1770821932344 1.0072999000549316 96000
1770822030839 1.0074411630630493 96800
1770822128620 1.0074715614318848 97600
1770822226661 1.007155179977417 98400
1770822323017 1.0071887969970703 99200
1770822420597 1.0068224668502808 100000
