1770810448025 0.6385583281517029 800
1770810541858 0.6717240810394287 1600
1770810636719 0.7013504505157471 2400
1770810731220 0.7116466760635376 3200
1770810824126 0.709113597869873 4000
1770810918952 0.7417178153991699 4800
1770811015257 0.738129734992981 5600
1770811108309 0.7558464407920837 6400
1770811203040 0.7452151775360107 7200
1770811298697 0.7464896440505981 8000
1770811391846 0.7767906785011292 8800
1770811486952 0.7640825510025024 9600
1770811582800 0.7717381119728088 10400
1770811675830 0.7895979881286621 11200
1770811770371 0.772167444229126 12000
1770811865296 0.7700929641723633 12800
1770811960088 0.7673379182815552 13600
1770812054770 0.7672616243362427 14400
1770812149805 0.7750321626663208 15200
1770812245954 0.7761950492858887 16000
1770812344130 0.7733926773071289 16800
1770812438969 0.7831223011016846 17600
1770812534003 0.7873581647872925 18400
1770812629207 0.7794412970542908 19200
1770812727539 0.7828383445739746 20000
1770812820866 0.792199969291687 20800
1770812914031 0.7860581874847412 21600
1770813010029 0.7928846478462219 22400
1770813105961 0.7848083972930908 23200
1770813201972 0.799853503704071 24000
1770813297466 0.7899249792098999 24800
1770813391009 0.7865498065948486 25600
1770813486340 0.7949657440185547 26400
1770813581635 0.7869380712509155 27200
1770813677251 0.7973942756652832 28000
1770813772253 0.7938107848167419 28800
1770813865949 0.7923652529716492 29600
1770813959791 0.7890300750732422 30400
1770814055309 0.7853850722312927 31200
1770814150864 0.7868098020553589 32000
1770814246432 0.7712230682373047 32800
1770814342115 0.7889958620071411 33600
1770814437755 0.7791709303855896 34400
1770814533408 0.7914536595344543 35200
1770814628836 0.7822855114936829 36000
1770814723210 0.7787072658538818 36800
1770814817074 0.7934622168540955 37600
1770814912630 0.7933904528617859 38400
1770815008452 0.796194314956665 39200
1770815105123 0.7917967438697815 40000
1770815201782 0.7931268811225891 40800
1770815302078 0.7929105758666992 41600
1770815397785 0.7860212922096252 42400
1770815496754 0.7920312881469727 43200
1770815592503 0.7864329814910889 44000
1770815686610 0.7931294441223145 44800
1770815782493 0.7917435765266418 45600
1770815881716 0.7873632907867432 46400
1770815977763 0.7814832329750061 47200
1770816073567 0.7950528264045715 48000
1770816169601 0.7890437841415405 48800
1770816265600 0.7919282913208008 49600
1770816361761 0.7861824035644531 50400
1770816458099 0.7896718978881836 51200
1770816554224 0.7975080013275146 52000
1770816653296 0.7817243337631226 52800
1770816747966 0.7909813523292542 53600
1770816844286 0.7906692624092102 54400
1770816940247 0.7967919111251831 55200
1770817037719 0.7785246968269348 56000
1770817134123 0.788885772228241 56800
1770817231145 0.7903423309326172 57600
1770817325804 0.783185601234436 58400
1770817422679 0.7793857455253601 59200
1770817518879 0.7865484356880188 60000
1770817618448 0.7872424721717834 60800
1770817713240 0.8003936409950256 61600
1770817809892 0.7913684248924255 62400
1770817906773 0.7914264798164368 63200
1770818006363 0.7856222987174988 64000
1770818104430 0.7773971557617188 64800
1770818205370 0.7906192541122437 65600
1770818302037 0.7804765701293945 66400
1770818398411 0.7858220338821411 67200
1770818495264 0.7674360275268555 68000
1770818595287 0.7647594809532166 68800
1770818695145 0.7795556783676147 69600
1770818792122 0.7896420955657959 70400
1770818888920 0.7847267389297485 71200
1770818988852 0.778586745262146 72000
1770819088924 0.7987564206123352 72800
1770819189183 0.7920761108398438 73600
1770819286085 0.7822288870811462 74400
1770819383356 0.7987294793128967 75200
1770819479918 0.7771353125572205 76000
1770819577419 0.7910950779914856 76800
1770819674751 0.7882663011550903 77600
1770819771683 0.7916343212127686 78400
1770819868899 0.7831701040267944 79200
1770819965867 0.7836359143257141 80000
1770820063933 0.7726249098777771 80800
1770820161052 0.7462301850318909 81600
1770820258299 0.784399688243866 82400
1770820356504 0.7896772623062134 83200
1770820453821 0.771881103515625 84000
1770820549500 0.780307412147522 84800
1770820650184 0.7854422926902771 85600
1770820750529 0.7743238806724548 86400
1770820848127 0.7819141149520874 87200
1770820948902 0.7766370177268982 88000
1770821044549 0.7912676334381104 88800
1770821141475 0.7935588955879211 89600
1770821239261 0.7851195335388184 90400
1770821336684 0.7798542976379395 91200
1770821435240 0.7935528755187988 92000
1770821535754 0.7883285284042358 92800
1770821636839 0.7842715382575989 93600
1770821734534 0.791853666305542 94400
1770821831878 0.7836242914199829 95200
1770821932344 0.7809301614761353 96000
1770822030839 0.7867457866668701 96800
1770822128620 0.7940064668655396 97600
1770822226661 0.7842976450920105 98400
1770822323017 0.7880973815917969 99200
1770822420597 0.7778202891349792 100000
