1770810448025 95075143.0 800
1770810541858 95075143.0 1600
1770810636719 95075143.0 2400
1770810731220 95075143.0 3200
1770810824126 95075143.0 4000
1770810918952 95075143.0 4800
1770811015257 95075143.0 5600
1770811108309 95075143.0 6400
1770811203040 95075143.0 7200
1770811298697 95075143.0 8000
1770811391846 95075143.0 8800
1770811486952 95075143.0 9600
1770811582800 95075143.0 10400
1770811675830 95075143.0 11200
1770811770371 95075143.0 12000
1770811865296 95075143.0 12800
1770811960088 95075143.0 13600
1770812054770 95075143.0 14400
1770812149805 95075143.0 15200
1770812245954 95075143.0 16000
1770812344130 95075143.0 16800
1770812438969 95075143.0 17600
1770812534003 95075143.0 18400
1770812629207 95075143.0 19200
1770812727539 95075143.0 20000
1770812820866 95075143.0 20800
1770812914031 95075143.0 21600
1770813010029 95075143.0 22400
1770813105961 95075143.0 23200
1770813201972 95075143.0 24000
1770813297466 95075143.0 24800
1770813391009 95075143.0 25600
1770813486340 95075143.0 26400
1770813581635 95075143.0 27200
1770813677251 95075143.0 28000
1770813772253 95075143.0 28800
1770813865949 95075143.0 29600
1770813959791 95075143.0 30400
1770814055309 95075143.0 31200
1770814150864 95075143.0 32000
1770814246432 95075143.0 32800
1770814342115 95075143.0 33600
1770814437755 95075143.0 34400
1770814533408 95075143.0 35200
1770814628836 95075143.0 36000
1770814723210 95075143.0 36800
1770814817074 95075143.0 37600
1770814912630 95075143.0 38400
1770815008452 95075143.0 39200
1770815105123 95075143.0 40000
1770815201782 95075143.0 40800
1770815302078 95075143.0 41600
1770815397785 95075143.0 42400
1770815496754 95075143.0 43200
1770815592503 95075143.0 44000
1770815686610 95075143.0 44800
1770815782493 95075143.0 45600
1770815881716 95075143.0 46400
1770815977763 95075143.0 47200
1770816073567 95075143.0 48000
1770816169601 95075143.0 48800
1770816265600 95075143.0 49600
1770816361761 95075143.0 50400
1770816458099 95075143.0 51200
1770816554224 95075143.0 52000
1770816653296 95075143.0 52800
1770816747966 95075143.0 53600
1770816844286 95075143.0 54400
1770816940247 95075143.0 55200
1770817037719 95075143.0 56000
1770817134123 95075143.0 56800
1770817231145 95075143.0 57600
1770817325804 95075143.0 58400
1770817422679 95075143.0 59200
1770817518879 95075143.0 60000
1770817618448 95075143.0 60800
1770817713240 95075143.0 61600
1770817809892 95075143.0 62400
1770817906773 95075143.0 63200
1770818006363 95075143.0 64000
1770818104430 95075143.0 64800
1770818205370 95075143.0 65600
1770818302037 95075143.0 66400
1770818398411 95075143.0 67200
1770818495264 95075143.0 68000
1770818595287 95075143.0 68800
1770818695145 95075143.0 69600
1770818792122 95075143.0 70400
1770818888920 95075143.0 71200
1770818988852 95075143.0 72000
1770819088924 95075143.0 72800
1770819189183 95075143.0 73600
1770819286085 95075143.0 74400
1770819383356 95075143.0 75200
1770819479918 95075143.0 76000
1770819577419 95075143.0 76800
1770819674751 95075143.0 77600
1770819771683 95075143.0 78400
1770819868899 95075143.0 79200
1770819965867 95075143.0 80000
1770820063933 95075143.0 80800
1770820161052 95075143.0 81600
1770820258299 95075143.0 82400
1770820356504 95075143.0 83200
1770820453821 95075143.0 84000
1770820549500 95075143.0 84800
1770820650184 95075143.0 85600
1770820750529 95075143.0 86400
1770820848127 95075143.0 87200
1770820948902 95075143.0 88000
1770821044549 95075143.0 88800
1770821141475 95075143.0 89600
1770821239261 95075143.0 90400
1770821336684 95075143.0 91200
1770821435240 95075143.0 92000
1770821535754 95075143.0 92800
1770821636839 95075143.0 93600
1770821734534 95075143.0 94400
1770821831878 95075143.0 95200
1770821932344 95075143.0 96000
1770822030839 95075143.0 96800
1770822128620 95075143.0 97600
1770822226661 95075143.0 98400
1770822323017 95075143.0 99200
1770822420597 95075143.0 100000
