1770810448025 -8.116570472717285 800
1770810541858 -7.276388645172119 1600
1770810636719 -6.444518566131592 2400
1770810731220 -6.082828521728516 3200
1770810824126 -6.069129943847656 4000
1770810918952 -5.088637351989746 4800
1770811015257 -5.109354496002197 5600
1770811108309 -4.577682018280029 6400
1770811203040 -4.868224143981934 7200
1770811298697 -4.6761474609375 8000
1770811391846 -3.694465398788452 8800
1770811486952 -3.977482557296753 9600
1770811582800 -3.6728625297546387 10400
1770811675830 -2.9054603576660156 11200
1770811770371 -3.6262266635894775 12000
1770811865296 -3.8628170490264893 12800
1770811960088 -3.8881423473358154 13600
1770812054770 -3.7985310554504395 14400
1770812149805 -3.6257684230804443 15200
1770812245954 -3.4559974670410156 16000
1770812344130 -3.4829211235046387 16800
1770812438969 -3.091137170791626 17600
1770812534003 -2.9230690002441406 18400
1770812629207 -3.2694551944732666 19200
1770812727539 -3.2791941165924072 20000
1770812820866 -2.8803465366363525 20800
1770812914031 -2.893228769302368 21600
1770813010029 -2.443537712097168 22400
1770813105961 -2.820082426071167 23200
1770813201972 -2.1662299633026123 24000
1770813297466 -2.8239779472351074 24800
1770813391009 -2.9180591106414795 25600
1770813486340 -2.576598882675171 26400
1770813581635 -2.840855360031128 27200
1770813677251 -2.353879451751709 28000
1770813772253 -2.5399553775787354 28800
1770813865949 -2.610814332962036 29600
1770813959791 -2.739072799682617 30400
1770814055309 -2.783132314682007 31200
1770814150864 -2.928755760192871 32000
1770814246432 -3.5863232612609863 32800
1770814342115 -3.0547964572906494 33600
1770814437755 -3.495967388153076 34400
1770814533408 -3.0384507179260254 35200
1770814628836 -3.4546263217926025 36000
1770814723210 -3.5169003009796143 36800
1770814817074 -2.8408923149108887 37600
1770814912630 -2.8172121047973633 38400
1770815008452 -2.7270519733428955 39200
1770815105123 -3.0287535190582275 40000
1770815201782 -2.9842944145202637 40800
1770815302078 -2.9231090545654297 41600
1770815397785 -3.2441658973693848 42400
1770815496754 -3.0110630989074707 43200
1770815592503 -3.259101390838623 44000
1770815686610 -2.8401427268981934 44800
1770815782493 -2.802614212036133 45600
1770815881716 -3.1962790489196777 46400
1770815977763 -3.6088907718658447 47200
1770816073567 -2.946992874145508 48000
1770816169601 -3.3364086151123047 48800
1770816265600 -3.0057387351989746 49600
1770816361761 -3.2656443119049072 50400
1770816458099 -3.192811965942383 51200
1770816554224 -2.7659687995910645 52000
1770816653296 -3.482144355773926 52800
1770816747966 -3.1535532474517822 53600
1770816844286 -3.2409982681274414 54400
1770816940247 -2.7907493114471436 55200
1770817037719 -3.7211639881134033 56000
1770817134123 -3.3393800258636475 56800
1770817231145 -3.1863210201263428 57600
1770817325804 -3.506713390350342 58400
1770817422679 -3.77121639251709 59200
1770817518879 -3.4569454193115234 60000
1770817618448 -3.5421292781829834 60800
1770817713240 -2.857147455215454 61600
1770817809892 -3.2839744091033936 62400
1770817906773 -3.41318416595459 63200
1770818006363 -3.6448662281036377 64000
1770818104430 -4.198519706726074 64800
1770818205370 -3.546067714691162 65600
1770818302037 -4.095334529876709 66400
1770818398411 -3.811500310897827 67200
1770818495264 -4.57549524307251 68000
1770818595287 -4.722734451293945 68800
1770818695145 -4.242245674133301 69600
1770818792122 -3.7424023151397705 70400
1770818888920 -3.9772493839263916 71200
1770818988852 -4.180627822875977 72000
1770819088924 -3.2981760501861572 72800
1770819189183 -3.4705429077148438 73600
1770819286085 -3.8528478145599365 74400
1770819383356 -3.244779348373413 75200
1770819479918 -4.110948085784912 76000
1770819577419 -3.6013174057006836 76800
1770819674751 -3.7314658164978027 77600
1770819771683 -3.5962626934051514 78400
1770819868899 -3.9572436809539795 79200
1770819965867 -3.945574998855591 80000
1770820063933 -4.409172058105469 80800
1770820161052 -5.458469390869141 81600
1770820258299 -4.068504333496094 82400
1770820356504 -3.8924267292022705 83200
1770820453821 -4.481704235076904 84000
1770820549500 -4.235607147216797 84800
1770820650184 -4.110676288604736 85600
1770820750529 -4.549885272979736 86400
1770820848127 -4.158097743988037 87200
1770820948902 -4.36424446105957 88000
1770821044549 -3.6768600940704346 88800
1770821141475 -3.5291903018951416 89600
1770821239261 -3.9585318565368652 90400
1770821336684 -4.154360771179199 91200
1770821435240 -3.6721553802490234 92000
1770821535754 -3.9632787704467773 92800
1770821636839 -4.103264331817627 93600
1770821734534 -3.7269814014434814 94400
1770821831878 -4.09852409362793 95200
1770821932344 -4.219424724578857 96000
1770822030839 -3.984872817993164 96800
1770822128620 -3.6374239921569824 97600
1770822226661 -4.300122261047363 98400
1770822323017 -4.210060119628906 99200
1770822420597 -4.628480911254883 100000
