1770810448025 0.9963072538375854 800
1770810541858 0.9970123767852783 1600
1770810636719 0.9975517988204956 2400
1770810731220 0.9981594085693359 3200
1770810824126 0.9984077215194702 4000
1770810918952 0.998382031917572 4800
1770811015257 0.9984400868415833 5600
1770811108309 0.9977325201034546 6400
1770811203040 0.9969304203987122 7200
1770811298697 0.9964908361434937 8000
1770811391846 0.9956259727478027 8800
1770811486952 0.9942905902862549 9600
1770811582800 0.9932710528373718 10400
1770811675830 0.9919937252998352 11200
1770811770371 0.9906772971153259 12000
1770811865296 0.9896612763404846 12800
1770811960088 0.9887409806251526 13600
1770812054770 0.9877645373344421 14400
1770812149805 0.9868297576904297 15200
1770812245954 0.9857847094535828 16000
1770812344130 0.9846259355545044 16800
1770812438969 0.9841025471687317 17600
1770812534003 0.9834452271461487 18400
1770812629207 0.9826204776763916 19200
1770812727539 0.9815071225166321 20000
1770812820866 0.9803645610809326 20800
1770812914031 0.9797009825706482 21600
1770813010029 0.9789391756057739 22400
1770813105961 0.9782264232635498 23200
1770813201972 0.9776203036308289 24000
1770813297466 0.9766290187835693 24800
1770813391009 0.9762585163116455 25600
1770813486340 0.9757421016693115 26400
1770813581635 0.9749202728271484 27200
1770813677251 0.9740917682647705 28000
1770813772253 0.9732523560523987 28800
1770813865949 0.9725928902626038 29600
1770813959791 0.9720229506492615 30400
1770814055309 0.9709487557411194 31200
1770814150864 0.9702700972557068 32000
1770814246432 0.969603955745697 32800
1770814342115 0.9692631363868713 33600
1770814437755 0.968899130821228 34400
1770814533408 0.9678064584732056 35200
1770814628836 0.9672960638999939 36000
1770814723210 0.9664241671562195 36800
1770814817074 0.9656684398651123 37600
1770814912630 0.9647399187088013 38400
1770815008452 0.9640904068946838 39200
1770815105123 0.9635748863220215 40000
1770815201782 0.9625294208526611 40800
1770815302078 0.9618989825248718 41600
1770815397785 0.960736095905304 42400
1770815496754 0.9601033926010132 43200
1770815592503 0.95965576171875 44000
1770815686610 0.9588258862495422 44800
1770815782493 0.9582817554473877 45600
1770815881716 0.9575664401054382 46400
1770815977763 0.9569308161735535 47200
1770816073567 0.9562632441520691 48000
1770816169601 0.9554020166397095 48800
1770816265600 0.9547642469406128 49600
1770816361761 0.9544934630393982 50400
1770816458099 0.9542367458343506 51200
1770816554224 0.9535799026489258 52000
1770816653296 0.9532826542854309 52800
1770816747966 0.9528369903564453 53600
1770816844286 0.9527618885040283 54400
1770816940247 0.9521273970603943 55200
1770817037719 0.9519382119178772 56000
1770817134123 0.9517362713813782 56800
1770817231145 0.951079785823822 57600
1770817325804 0.9506020545959473 58400
1770817422679 0.9502859711647034 59200
1770817518879 0.9496643543243408 60000
1770817618448 0.9495030045509338 60800
1770817713240 0.949451208114624 61600
1770817809892 0.9485249519348145 62400
1770817906773 0.9479432702064514 63200
1770818006363 0.9474918842315674 64000
1770818104430 0.9469761252403259 64800
1770818205370 0.9464403986930847 65600
1770818302037 0.9458390474319458 66400
1770818398411 0.9452113509178162 67200
1770818495264 0.944555938243866 68000
1770818595287 0.9439570903778076 68800
1770818695145 0.9435905814170837 69600
1770818792122 0.9430798888206482 70400
1770818888920 0.942275881767273 71200
1770818988852 0.9416099190711975 72000
1770819088924 0.9410000443458557 72800
1770819189183 0.9407721757888794 73600
1770819286085 0.9401635527610779 74400
1770819383356 0.9397534728050232 75200
1770819479918 0.9391109943389893 76000
1770819577419 0.939209520816803 76800
1770819674751 0.9385432600975037 77600
1770819771683 0.9383901357650757 78400
1770819868899 0.938081681728363 79200
1770819965867 0.9378347992897034 80000
1770820063933 0.937508225440979 80800
1770820161052 0.9368917346000671 81600
1770820258299 0.9365909099578857 82400
1770820356504 0.9362648129463196 83200
1770820453821 0.9362279772758484 84000
1770820549500 0.9358591437339783 84800
1770820650184 0.9352428317070007 85600
1770820750529 0.9346182942390442 86400
1770820848127 0.9345495104789734 87200
1770820948902 0.9340579509735107 88000
1770821044549 0.9341475963592529 88800
1770821141475 0.9342682957649231 89600
1770821239261 0.9337145686149597 90400
1770821336684 0.9333363771438599 91200
1770821435240 0.9329901337623596 92000
1770821535754 0.9323826432228088 92800
1770821636839 0.9320446848869324 93600
1770821734534 0.9316561818122864 94400
1770821831878 0.9310221076011658 95200
1770821932344 0.93047034740448 96000
1770822030839 0.9300709366798401 96800
1770822128620 0.9299525022506714 97600
1770822226661 0.9296160340309143 98400
1770822323017 0.929625391960144 99200
1770822420597 0.9289613962173462 100000
