1770810448025 0.003787481691688299 800
1770810541858 0.0033795100171118975 1600
1770810636719 0.002657491248100996 2400
1770810731220 0.0018910780781880021 3200
1770810824126 0.001155638718046248 4000
1770810918952 0.0006732785259373486 4800
1770811015257 -0.00017471353930886835 5600
1770811108309 -0.0007989273872226477 6400
1770811203040 -0.0013331783702597022 7200
1770811298697 -0.0019227067241445184 8000
1770811391846 -0.0022097856272011995 8800
1770811486952 -0.0030948224011808634 9600
1770811582800 -0.004030211828649044 10400
1770811675830 -0.004601204767823219 11200
1770811770371 -0.005306924227625132 12000
1770811865296 -0.00581063749268651 12800
1770811960088 -0.006595569662749767 13600
1770812054770 -0.007652226369827986 14400
1770812149805 -0.007536325603723526 15200
1770812245954 -0.007790551986545324 16000
1770812344130 -0.008809220045804977 16800
1770812438969 -0.009577220305800438 17600
1770812534003 -0.01025600079447031 18400
1770812629207 -0.010816599242389202 19200
1770812727539 -0.011573920957744122 20000
1770812820866 -0.011902496218681335 20800
1770812914031 -0.01266072504222393 21600
1770813010029 -0.013255653902888298 22400
1770813105961 -0.013851256109774113 23200
1770813201972 -0.014566176570951939 24000
1770813297466 -0.0153505215421319 24800
1770813391009 -0.01590512879192829 25600
1770813486340 -0.01635412685573101 26400
1770813581635 -0.016967525705695152 27200
1770813677251 -0.017780980095267296 28000
1770813772253 -0.018736720085144043 28800
1770813865949 -0.019366301596164703 29600
1770813959791 -0.019972776994109154 30400
1770814055309 -0.020368941128253937 31200
1770814150864 -0.02094324491918087 32000
1770814246432 -0.021502966061234474 32800
1770814342115 -0.02191290818154812 33600
1770814437755 -0.02255253493785858 34400
1770814533408 -0.023225678130984306 35200
1770814628836 -0.02348039485514164 36000
1770814723210 -0.023940714076161385 36800
1770814817074 -0.024678584188222885 37600
1770814912630 -0.024987047538161278 38400
1770815008452 -0.02587706409394741 39200
1770815105123 -0.026760626584291458 40000
1770815201782 -0.02703125588595867 40800
1770815302078 -0.027424992993474007 41600
1770815397785 -0.028025642037391663 42400
1770815496754 -0.028578806668519974 43200
1770815592503 -0.028610186651349068 44000
1770815686610 -0.02928091585636139 44800
1770815782493 -0.029333142563700676 45600
1770815881716 -0.030139310285449028 46400
1770815977763 -0.030461285263299942 47200
1770816073567 -0.031068110838532448 48000
1770816169601 -0.03149280697107315 48800
1770816265600 -0.031691569834947586 49600
1770816361761 -0.03175528720021248 50400
1770816458099 -0.032318852841854095 51200
1770816554224 -0.032636042684316635 52000
1770816653296 -0.032616861164569855 52800
1770816747966 -0.033300548791885376 53600
1770816844286 -0.03364232927560806 54400
1770816940247 -0.03423226624727249 55200
1770817037719 -0.03441751375794411 56000
1770817134123 -0.03471812978386879 56800
1770817231145 -0.034905318170785904 57600
1770817325804 -0.03524220362305641 58400
1770817422679 -0.03538491949439049 59200
1770817518879 -0.03584618493914604 60000
1770817618448 -0.03619161993265152 60800
1770817713240 -0.036258891224861145 61600
1770817809892 -0.036862563341856 62400
1770817906773 -0.03700164332985878 63200
1770818006363 -0.03690076619386673 64000
1770818104430 -0.03743577376008034 64800
1770818205370 -0.037680771201848984 65600
1770818302037 -0.038094788789749146 66400
1770818398411 -0.03827057033777237 67200
1770818495264 -0.03904978185892105 68000
1770818595287 -0.039244234561920166 68800
1770818695145 -0.039708830416202545 69600
1770818792122 -0.03975128009915352 70400
1770818888920 -0.04021792858839035 71200
1770818988852 -0.040156349539756775 72000
1770819088924 -0.0408819243311882 72800
1770819189183 -0.04076048731803894 73600
1770819286085 -0.040880344808101654 74400
1770819383356 -0.04127359390258789 75200
1770819479918 -0.04164687544107437 76000
1770819577419 -0.04249565303325653 76800
1770819674751 -0.042777858674526215 77600
1770819771683 -0.04290306568145752 78400
1770819868899 -0.04259388521313667 79200
1770819965867 -0.04305363446474075 80000
1770820063933 -0.04321122169494629 80800
1770820161052 -0.04359675943851471 81600
1770820258299 -0.04381848871707916 82400
1770820356504 -0.044329721480607986 83200
1770820453821 -0.04374702274799347 84000
1770820549500 -0.0441390760242939 84800
1770820650184 -0.0449875146150589 85600
1770820750529 -0.04511937499046326 86400
1770820848127 -0.045101821422576904 87200
1770820948902 -0.0451485738158226 88000
1770821044549 -0.0449087880551815 88800
1770821141475 -0.04506181553006172 89600
1770821239261 -0.04529848322272301 90400
1770821336684 -0.04567686840891838 91200
1770821435240 -0.04609106481075287 92000
1770821535754 -0.04614648222923279 92800
1770821636839 -0.04608774930238724 93600
1770821734534 -0.04629857465624809 94400
1770821831878 -0.046549584716558456 95200
1770821932344 -0.04678032174706459 96000
1770822030839 -0.04706515371799469 96800
1770822128620 -0.047164738178253174 97600
1770822226661 -0.04732808470726013 98400
1770822323017 -0.04794212058186531 99200
1770822420597 -0.04821472987532616 100000
