1770810448025 1.149685682513824 800
1770810541858 1.1367161996407085 1600
1770810636719 1.1196721586007838 2400
1770810731220 1.1278465225676204 3200
1770810824126 1.1503393577671377 4000
1770810918952 1.1232061689048138 4800
1770811015257 1.1439872601342378 5600
1770811108309 1.1301351624168499 6400
1770811203040 1.1569302910239623 7200
1770811298697 1.1667434595215056 8000
1770811391846 1.1246788799689142 8800
1770811486952 1.1581425110397037 9600
1770811582800 1.1513637624401594 10400
1770811675830 1.1217368861692734 11200
1770811770371 1.1587703628828208 12000
1770811865296 1.1584196530840831 12800
1770811960088 1.1665456749275276 13600
1770812054770 1.17044302374412 14400
1770812149805 1.1539216820483822 15200
1770812245954 1.156592287544018 16000
1770812344130 1.1642509266725438 16800
1770812438969 1.1457243907635533 17600
1770812534003 1.1365728102210897 18400
1770812629207 1.1523344594499598 19200
1770812727539 1.1408883174076003 20000
1770812820866 1.120066824329113 20800
1770812914031 1.1413744824416232 21600
1770813010029 1.1283480942285726 22400
1770813105961 1.1481003233973064 23200
1770813201972 1.1069492276015054 24000
1770813297466 1.1312008631831896 24800
1770813391009 1.1411030248312286 25600
1770813486340 1.121582431696057 26400
1770813581635 1.1431110478742241 27200
1770813677251 1.1164373406635237 28000
1770813772253 1.1257323909788282 28800
1770813865949 1.1325163115456622 29600
1770813959791 1.1428988815078842 30400
1770814055309 1.1535962957038208 31200
1770814150864 1.1467804243796456 32000
1770814246432 1.176534639404648 32800
1770814342115 1.1373351784592547 33600
1770814437755 1.1567984213980775 34400
1770814533408 1.1308212317703448 35200
1770814628836 1.1498192727488392 36000
1770814723210 1.1598829688079484 36800
1770814817074 1.131237042105204 37600
1770814912630 1.132250668714635 38400
1770815008452 1.1240469113282667 39200
1770815105123 1.1325880845456107 40000
1770815201782 1.1290998942002628 40800
1770815302078 1.131734629287265 41600
1770815397785 1.146846823134737 42400
1770815496754 1.1333079363072243 43200
1770815592503 1.1457334481021308 44000
1770815686610 1.1342834894385034 44800
1770815782493 1.1407124489904634 45600
1770815881716 1.1469953628522063 46400
1770815977763 1.1559362107516022 47200
1770816073567 1.1273017671132628 48000
1770816169601 1.1397181597209836 48800
1770816265600 1.1394221444416226 49600
1770816361761 1.1527556219470663 50400
1770816458099 1.1435753402538973 51200
1770816554224 1.1261120272918688 52000
1770816653296 1.1608264759512523 52800
1770816747966 1.140236365276134 53600
1770816844286 1.1399982537039606 54400
1770816940247 1.1291173798616165 55200
1770817037719 1.165337862775903 56000
1770817134123 1.1433264828047323 56800
1770817231145 1.143250702916251 57600
1770817325804 1.157697103982584 58400
1770817422679 1.1625004157239516 59200
1770817518879 1.149892699419335 60000
1770817618448 1.1440389086476048 60800
1770817713240 1.1177074095043371 61600
1770817809892 1.1407602982273493 62400
1770817906773 1.1382570622234605 63200
1770818006363 1.1500581663042935 64000
1770818104430 1.158481647192588 64800
1770818205370 1.137545828401084 65600
1770818302037 1.15329571449907 66400
1770818398411 1.1454167472242103 67200
1770818495264 1.1758201504810077 68000
1770818595287 1.1799302207133258 68800
1770818695145 1.1532665043439174 69600
1770818792122 1.1377941362456734 70400
1770818888920 1.145532784297736 71200
1770818988852 1.1579881366653655 72000
1770819088924 1.1184422503285385 72800
1770819189183 1.1385182235449358 73600
1770819286085 1.1592240590736034 74400
1770819383356 1.1216400163276092 75200
1770819479918 1.1678661572734705 76000
1770819577419 1.1391398221068252 76800
1770819674751 1.1450964700321087 77600
1770819771683 1.1389318559078412 78400
1770819868899 1.1565893609947975 79200
1770819965867 1.1551891321525145 80000
1770820063933 1.1718042373659294 80800
1770820161052 1.2047141321251178 81600
1770820258299 1.1488785729435473 82400
1770820356504 1.1386208671148632 83200
1770820453821 1.1733918280364435 84000
1770820549500 1.1573436622483453 84800
1770820650184 1.1458541894752472 85600
1770820750529 1.1642554889099122 86400
1770820848127 1.156174053798063 87200
1770820948902 1.1652782176460668 88000
1770821044549 1.141748180699214 88800
1770821141475 1.1392387555177057 89600
1770821239261 1.1539449869767961 90400
1770821336684 1.1629313193550035 91200
1770821435240 1.13643554250094 92000
1770821535754 1.144610547193206 92800
1770821636839 1.1522665300035573 93600
1770821734534 1.1399260851816235 94400
1770821831878 1.154800525589831 95200
1770821932344 1.160056985281019 96000
1770822030839 1.1503356833580174 96800
1770822128620 1.13842464968065 97600
1770822226661 1.1490960763978595 98400
1770822323017 1.140524813607996 99200
1770822420597 1.1584429142122619 100000
