1770810448025 0.0026969444006681442 800
1770810541858 0.0016890331171453 1600
1770810636719 0.0008784187957644463 2400
1770810731220 -0.0001474325399613008 3200
1770810824126 -0.0010049538686871529 4000
1770810918952 -0.0015331233153119683 4800
1770811015257 -0.0021674649324268103 5600
1770811108309 -0.0027907732874155045 6400
1770811203040 -0.0030150078237056732 7200
1770811298697 -0.0032479052897542715 8000
1770811391846 -0.003830756526440382 8800
1770811486952 -0.0046211713925004005 9600
1770811582800 -0.004960821010172367 10400
1770811675830 -0.005358288995921612 11200
1770811770371 -0.005242431070655584 12000
1770811865296 -0.005529372021555901 12800
1770811960088 -0.00546194426715374 13600
1770812054770 -0.00563003309071064 14400
1770812149805 -0.005874332506209612 15200
1770812245954 -0.005841564387083054 16000
1770812344130 -0.006029344163835049 16800
1770812438969 -0.006341709289699793 17600
1770812534003 -0.006132915616035461 18400
1770812629207 -0.0059097763150930405 19200
1770812727539 -0.006185086909681559 20000
1770812820866 -0.006401491351425648 20800
1770812914031 -0.005975939333438873 21600
1770813010029 -0.005857039708644152 22400
1770813105961 -0.0056769815273582935 23200
1770813201972 -0.0061676413752138615 24000
1770813297466 -0.0064048548229038715 24800
1770813391009 -0.006259595043957233 25600
1770813486340 -0.006559661589562893 26400
1770813581635 -0.0064737191423773766 27200
1770813677251 -0.006759416777640581 28000
1770813772253 -0.0067481049336493015 28800
1770813865949 -0.006913917604833841 29600
1770813959791 -0.006893273442983627 30400
1770814055309 -0.006708164699375629 31200
1770814150864 -0.006931479554623365 32000
1770814246432 -0.006778351962566376 32800
1770814342115 -0.007090803701430559 33600
1770814437755 -0.007014457602053881 34400
1770814533408 -0.007421204820275307 35200
1770814628836 -0.007342224474996328 36000
1770814723210 -0.0073247989639639854 36800
1770814817074 -0.0075536807999014854 37600
1770814912630 -0.007493989076465368 38400
1770815008452 -0.007785632740706205 39200
1770815105123 -0.008007379248738289 40000
1770815201782 -0.007996705360710621 40800
1770815302078 -0.007969841361045837 41600
1770815397785 -0.008100135251879692 42400
1770815496754 -0.008406437933444977 43200
1770815592503 -0.008413518778979778 44000
1770815686610 -0.008478432893753052 44800
1770815782493 -0.00854091439396143 45600
1770815881716 -0.00880427286028862 46400
1770815977763 -0.009158012457191944 47200
1770816073567 -0.009348849765956402 48000
1770816169601 -0.009577199816703796 48800
1770816265600 -0.009476814419031143 49600
1770816361761 -0.009455082938075066 50400
1770816458099 -0.009638175368309021 51200
1770816554224 -0.009985864162445068 52000
1770816653296 -0.009768945164978504 52800
1770816747966 -0.009907261468470097 53600
1770816844286 -0.0099025908857584 54400
1770816940247 -0.009884968400001526 55200
1770817037719 -0.009823201224207878 56000
1770817134123 -0.009955279529094696 56800
1770817231145 -0.00999785028398037 57600
1770817325804 -0.009977738372981548 58400
1770817422679 -0.010133243165910244 59200
1770817518879 -0.01033391896635294 60000
1770817618448 -0.010464897379279137 60800
1770817713240 -0.010638779029250145 61600
1770817809892 -0.01081742625683546 62400
1770817906773 -0.011063114739954472 63200
1770818006363 -0.011035100556910038 64000
1770818104430 -0.011399577371776104 64800
1770818205370 -0.011421051807701588 65600
1770818302037 -0.011534816585481167 66400
1770818398411 -0.011330614797770977 67200
1770818495264 -0.011359479278326035 68000
1770818595287 -0.011678310111165047 68800
1770818695145 -0.011945292353630066 69600
1770818792122 -0.011970894411206245 70400
1770818888920 -0.012033367529511452 71200
1770818988852 -0.012031552381813526 72000
1770819088924 -0.012417683377861977 72800
1770819189183 -0.012100426480174065 73600
1770819286085 -0.012056862004101276 74400
1770819383356 -0.012506955303251743 75200
1770819479918 -0.012296757660806179 76000
1770819577419 -0.012514898553490639 76800
1770819674751 -0.01258702389895916 77600
1770819771683 -0.0126721216365695 78400
1770819868899 -0.012634421698749065 79200
1770819965867 -0.012782447971403599 80000
1770820063933 -0.01279433537274599 80800
1770820161052 -0.013106174767017365 81600
1770820258299 -0.013227233663201332 82400
1770820356504 -0.013428487814962864 83200
1770820453821 -0.01324570644646883 84000
1770820549500 -0.013602634891867638 84800
1770820650184 -0.013981884345412254 85600
1770820750529 -0.014008267782628536 86400
1770820848127 -0.01401454582810402 87200
1770820948902 -0.014143469743430614 88000
1770821044549 -0.014012961648404598 88800
1770821141475 -0.014146381989121437 89600
1770821239261 -0.01431119441986084 90400
1770821336684 -0.014371261931955814 91200
1770821435240 -0.014787058345973492 92000
1770821535754 -0.014786388725042343 92800
1770821636839 -0.01484876312315464 93600
1770821734534 -0.014834477566182613 94400
1770821831878 -0.01494373194873333 95200
1770821932344 -0.015145962126553059 96000
1770822030839 -0.015346741303801537 96800
1770822128620 -0.015412626788020134 97600
1770822226661 -0.015746211633086205 98400
1770822323017 -0.015935275703668594 99200
1770822420597 -0.016089502722024918 100000
