1770810448025 0.9957780838012695 800
1770810541858 0.9963231086730957 1600
1770810636719 0.9970162510871887 2400
1770810731220 0.9975486397743225 3200
1770810824126 0.9981260299682617 4000
1770810918952 0.9986580610275269 4800
1770811015257 0.9989967942237854 5600
1770811108309 0.9991833567619324 6400
1770811203040 0.9991466403007507 7200
1770811298697 0.9993610382080078 8000
1770811391846 0.9990994930267334 8800
1770811486952 0.9993906021118164 9600
1770811582800 0.9992760419845581 10400
1770811675830 0.9997442960739136 11200
1770811770371 0.9992721080780029 12000
1770811865296 0.9988057017326355 12800
1770811960088 0.9984340667724609 13600
1770812054770 0.9985386729240417 14400
1770812149805 0.9982613921165466 15200
1770812245954 0.9977238178253174 16000
1770812344130 0.9978814125061035 16800
1770812438969 0.9981597661972046 17600
1770812534003 0.9980131387710571 18400
1770812629207 0.99781733751297 19200
1770812727539 0.9973450899124146 20000
1770812820866 0.9966137409210205 20800
1770812914031 0.9971095323562622 21600
1770813010029 0.9970213770866394 22400
1770813105961 0.9970235824584961 23200
1770813201972 0.9969366788864136 24000
1770813297466 0.9967013001441956 24800
1770813391009 0.9964472651481628 25600
1770813486340 0.9961422085762024 26400
1770813581635 0.9960475564002991 27200
1770813677251 0.9957684874534607 28000
1770813772253 0.9954079389572144 28800
1770813865949 0.9951550960540771 29600
1770813959791 0.9948711395263672 30400
1770814055309 0.9948585629463196 31200
1770814150864 0.9949756264686584 32000
1770814246432 0.9945300817489624 32800
1770814342115 0.994977593421936 33600
1770814437755 0.994835615158081 34400
1770814533408 0.9946087002754211 35200
1770814628836 0.9946651458740234 36000
1770814723210 0.9943352341651917 36800
1770814817074 0.9940119385719299 37600
1770814912630 0.9940094351768494 38400
1770815008452 0.9937728643417358 39200
1770815105123 0.9935473203659058 40000
1770815201782 0.9935662746429443 40800
1770815302078 0.9934081435203552 41600
1770815397785 0.9932524561882019 42400
1770815496754 0.9935933947563171 43200
1770815592503 0.9935227036476135 44000
1770815686610 0.9931424856185913 44800
1770815782493 0.9930058121681213 45600
1770815881716 0.9929876327514648 46400
1770815977763 0.9927364587783813 47200
1770816073567 0.9925554990768433 48000
1770816169601 0.9923383593559265 48800
1770816265600 0.9919093251228333 49600
1770816361761 0.9915480613708496 50400
1770816458099 0.9917522072792053 51200
1770816554224 0.9915148019790649 52000
1770816653296 0.9909327626228333 52800
1770816747966 0.9909045696258545 53600
1770816844286 0.9908768534660339 54400
1770816940247 0.9905491471290588 55200
1770817037719 0.9902242422103882 56000
1770817134123 0.9904894232749939 56800
1770817231145 0.9902930855751038 57600
1770817325804 0.990128219127655 58400
1770817422679 0.9900281429290771 59200
1770817518879 0.9898800253868103 60000
1770817618448 0.9900680184364319 60800
1770817713240 0.9899041652679443 61600
1770817809892 0.9894323348999023 62400
1770817906773 0.9894096851348877 63200
1770818006363 0.9891369342803955 64000
1770818104430 0.9889558553695679 64800
1770818205370 0.9888907074928284 65600
1770818302037 0.9886478185653687 66400
1770818398411 0.9882099628448486 67200
1770818495264 0.9876288175582886 68000
1770818595287 0.987621009349823 68800
1770818695145 0.9877192974090576 69600
1770818792122 0.9876266717910767 70400
1770818888920 0.987443745136261 71200
1770818988852 0.987216591835022 72000
1770819088924 0.9869085550308228 72800
1770819189183 0.9865463972091675 73600
1770819286085 0.9862061738967896 74400
1770819383356 0.9861658215522766 75200
1770819479918 0.9853881001472473 76000
1770819577419 0.9853559136390686 76800
1770819674751 0.9850537776947021 77600
1770819771683 0.9847689270973206 78400
1770819868899 0.9843334555625916 79200
1770819965867 0.983978807926178 80000
1770820063933 0.9838314652442932 80800
1770820161052 0.9837023615837097 81600
1770820258299 0.9836811423301697 82400
1770820356504 0.9833602905273438 83200
1770820453821 0.9828300476074219 84000
1770820549500 0.9828274846076965 84800
1770820650184 0.9826682209968567 85600
1770820750529 0.9824904203414917 86400
1770820848127 0.9820538759231567 87200
1770820948902 0.9816043376922607 88000
1770821044549 0.9816063046455383 88800
1770821141475 0.981427788734436 89600
1770821239261 0.9815051555633545 90400
1770821336684 0.9813833236694336 91200
1770821435240 0.9814320206642151 92000
1770821535754 0.9811838865280151 92800
1770821636839 0.981094241142273 93600
1770821734534 0.9805995225906372 94400
1770821831878 0.9801898002624512 95200
1770821932344 0.9798082709312439 96000
1770822030839 0.9796342253684998 96800
1770822128620 0.9793628454208374 97600
1770822226661 0.9792789220809937 98400
1770822323017 0.9790806770324707 99200
1770822420597 0.9787781834602356 100000
