1770810448025 1.5663503290852532e-05 800
1770810541858 2.270770346513018e-05 1600
1770810636719 5.630985469906591e-05 2400
1770810731220 -5.337841503205709e-05 3200
1770810824126 2.8876847864012234e-05 4000
1770810918952 -1.4613435268984176e-05 4800
1770811015257 -6.002884038025513e-05 5600
1770811108309 -1.4875952274451265e-06 6400
1770811203040 -1.312584004153905e-06 7200
1770811298697 2.3801523639122024e-05 8000
1770811391846 -2.625168053782545e-05 8800
1770811486952 2.9051860110484995e-05 9600
1770811582800 1.75011200553854e-06 10400
1770811675830 -1.627604251552839e-05 11200
1770811770371 2.3626512302143965e-06 12000
1770811865296 8.138021257764194e-06 12800
1770811960088 -7.437975909851957e-06 13600
1770812054770 -5.775369572802447e-06 14400
1770812149805 2.8789341740775853e-05 15200
1770812245954 -1.2513301044236869e-05 16000
1770812344130 2.275145561725367e-05 16800
1770812438969 -4.2090192437171936e-05 17600
1770812534003 -7.437975909851957e-06 18400
1770812629207 4.217770037939772e-05 19200
1770812727539 1.6013524145819247e-05 20000
1770812820866 3.0714465538039804e-05 20800
1770812914031 -1.1900761819561012e-05 21600
1770813010029 -4.987819011148531e-06 22400
1770813105961 3.657734123407863e-05 23200
1770813201972 -3.438970088609494e-05 24000
1770813297466 1.9951276044594124e-05 24800
1770813391009 2.0038782167830504e-05 25600
1770813486340 1.732610871840734e-05 26400
1770813581635 6.125392246758565e-07 27200
1770813677251 2.8701837436528876e-05 28000
1770813772253 -1.8201164493802935e-05 28800
1770813865949 4.0777609683573246e-05 29600
1770813959791 -2.450156898703426e-05 30400
1770814055309 -5.425347353593679e-06 31200
1770814150864 1.0238155482511502e-05 32000
1770814246432 1.0675683370209299e-05 32800
1770814342115 1.4175907381286379e-05 33600
1770814437755 -1.4788446605962235e-05 34400
1770814533408 -7.612987246830016e-06 35200
1770814628836 4.541540693026036e-05 36000
1770814723210 5.6353605032199994e-05 36800
1770814817074 -5.381594382924959e-05 37600
1770814912630 -9.450604920857586e-06 38400
1770815008452 -1.6363546819775365e-05 39200
1770815105123 2.625168065151229e-07 40000
1770815201782 1.0675683370209299e-05 40800
1770815302078 5.1715811423491687e-05 41600
1770815397785 1.3213345482654404e-05 42400
1770815496754 1.6976086044451222e-05 43200
1770815592503 2.3539007088402286e-05 44000
1770815686610 4.585293572745286e-05 44800
1770815782493 1.9688759493874386e-05 45600
1770815881716 1.2775817594956607e-05 46400
1770815977763 -8.225526471505873e-06 47200
1770816073567 -2.3801523639122024e-05 48000
1770816169601 -3.185203968314454e-05 48800
1770816265600 3.4127183425880503e-06 49600
1770816361761 -2.9139364414731972e-05 50400
1770816458099 1.1638245268841274e-05 51200
1770816554224 6.134142313385382e-05 52000
1770816653296 -3.666484553832561e-05 52800
1770816747966 2.4851589842000976e-05 53600
1770816844286 1.8376176740275696e-05 54400
1770816940247 5.950380909780506e-06 55200
1770817037719 -1.400089604430832e-05 56000
1770817134123 -1.050067203323124e-05 56800
1770817231145 2.8876847864012234e-05 57600
1770817325804 -4.200268904241966e-06 58400
1770817422679 3.5877296795661096e-06 59200
1770817518879 2.660170321178157e-05 60000
1770817618448 -1.4613435268984176e-05 60800
1770817713240 -2.4939095965237357e-05 61600
1770817809892 -5.355342727852985e-05 62400
1770817906773 8.050515134527814e-06 63200
1770818006363 3.613981243688613e-05 64000
1770818104430 8.66305435920367e-06 64800
1770818205370 -3.3689655538182706e-05 65600
1770818302037 1.400089604430832e-05 66400
1770818398411 2.143887286365498e-05 67200
1770818495264 9.538110134599265e-06 68000
1770818595287 -3.360215123393573e-05 68800
1770818695145 4.462785454961704e-06 69600
1770818792122 -3.7627407891704934e-06 70400
1770818888920 5.644111297442578e-05 71200
1770818988852 8.400537808483932e-06 72000
1770819088924 5.862875241291476e-06 72800
1770819189183 -2.100134452120983e-06 73600
1770819286085 4.200268904241966e-06 74400
1770819383356 1.6363546819775365e-05 75200
1770819479918 -1.4875952274451265e-06 76000
1770819577419 1.960125518962741e-05 76800
1770819674751 -1.881370371847879e-05 77600
1770819771683 1.2775817594956607e-05 78400
1770819868899 1.1813255696324632e-05 79200
1770819965867 2.7826781661133282e-05 80000
1770820063933 -4.200268904241966e-06 80800
1770820161052 2.8395566914696246e-05 81600
1770820258299 -1.5663503290852532e-05 82400
1770820356504 1.225078449351713e-06 83200
1770820453821 1.557599716761615e-05 84000
1770820549500 -2.8964353987248614e-05 84800
1770820650184 4.1127632357529365e-06 85600
1770820750529 5.950380909780506e-06 86400
1770820848127 3.246457708883099e-05 87200
1770820948902 -2.3889029762358405e-05 88000
1770821044549 1.1725750482582953e-05 88800
1770821141475 2.5901657863869332e-05 89600
1770821239261 2.983940976264421e-05 90400
1770821336684 -4.419032848090865e-05 91200
1770821435240 -1.2950828931934666e-05 92000
1770821535754 -3.141451088595204e-05 92800
1770821636839 5.425347353593679e-06 93600
1770821734534 -5.066574158263393e-05 94400
1770821831878 -9.975638022297062e-06 95200
1770821932344 -4.874061778536998e-05 96000
1770822030839 2.5376624762429856e-05 96800
1770822128620 -2.6951724066748284e-05 97600
1770822226661 4.4890373828820884e-05 98400
1770822323017 -8.750559743475606e-08 99200
1770822420597 -2.3101478291209787e-05 100000
