1770810448025 1.182436420215978 800
1770810541858 1.1648517315980358 1600
1770810636719 1.1459701318892213 2400
1770810731220 1.1510122961038232 3200
1770810824126 1.169246897844174 4000
1770810918952 1.1433143818583213 4800
1770811015257 1.1606774308686754 5600
1770811108309 1.1463395832314995 6400
1770811203040 1.1686666112767183 7200
1770811298697 1.1778764185271275 8000
1770811391846 1.1399766732998862 8800
1770811486952 1.1696738195600336 9600
1770811582800 1.1634819457953511 10400
1770811675830 1.138166240860597 11200
1770811770371 1.168767399462558 12000
1770811865296 1.1663268053887503 12800
1770811960088 1.1738674731589018 13600
1770812054770 1.1777234264042393 14400
1770812149805 1.162373540240293 15200
1770812245954 1.1655273682580907 16000
1770812344130 1.1724633005577658 16800
1770812438969 1.1562219099045146 17600
1770812534003 1.1480096770569437 18400
1770812629207 1.1614511959485285 19200
1770812727539 1.1496325780100853 20000
1770812820866 1.1309733935182478 20800
1770812914031 1.152304079679677 21600
1770813010029 1.1423914983954515 22400
1770813105961 1.1596953659813853 23200
1770813201972 1.1225567811797155 24000
1770813297466 1.1422680965954841 24800
1770813391009 1.1514908985031864 25600
1770813486340 1.1340645747904867 26400
1770813581635 1.1537133771761239 27200
1770813677251 1.1299930460851668 28000
1770813772253 1.1378350635078458 28800
1770813865949 1.1440691256220328 29600
1770813959791 1.153547685180738 30400
1770814055309 1.1638426669203885 31200
1770814150864 1.1559572916532277 32000
1770814246432 1.1812040948207372 32800
1770814342115 1.145724448835025 33600
1770814437755 1.1625229083154751 34400
1770814533408 1.1392128081910806 35200
1770814628836 1.155565495745881 36000
1770814723210 1.1651508024112305 36800
1770814817074 1.140622572863175 37600
1770814912630 1.1419766265527043 38400
1770815008452 1.1340465205682062 39200
1770815105123 1.1404340730265423 40000
1770815201782 1.1372319054376168 40800
1770815302078 1.1403018334714505 41600
1770815397785 1.153179639712677 42400
1770815496754 1.1412262368153212 43200
1770815592503 1.1521156902833498 44000
1770815686610 1.1430752986415849 44800
1770815782493 1.1499595517533059 45600
1770815881716 1.1534649261346184 46400
1770815977763 1.1595301994600176 47200
1770816073567 1.1350657581231118 48000
1770816169601 1.1447255524355733 48800
1770816265600 1.1467616995560184 49600
1770816361761 1.1585093639052462 50400
1770816458099 1.1498854147065678 51200
1770816554224 1.1350519490886362 52000
1770816653296 1.1649053545279002 52800
1770816747966 1.1465010217669995 53600
1770816844286 1.1457401885230956 54400
1770816940247 1.13776163038634 55200
1770817037719 1.1678996896070706 56000
1770817134123 1.1483416566260864 56800
1770817231145 1.1492646341262103 57600
1770817325804 1.1615375708555793 58400
1770817422679 1.1645431575764968 59200
1770817518879 1.1538317705228032 60000
1770817618448 1.1472667808978558 60800
1770817713240 1.125365140801338 61600
1770817809892 1.1454331048916562 62400
1770817906773 1.1421029270315939 63200
1770818006363 1.152552440859275 64000
1770818104430 1.1573873446659637 64800
1770818205370 1.1406122028774504 65600
1770818302037 1.152814769510586 66400
1770818398411 1.146692778201138 67200
1770818495264 1.1722623406977908 68000
1770818595287 1.1755215745437255 68800
1770818695145 1.1516994750055298 69600
1770818792122 1.1393233432052638 70400
1770818888920 1.1455977849382668 71200
1770818988852 1.156575887967306 72000
1770819088924 1.1223802972209977 72800
1770819189183 1.1414527840419035 73600
1770819286085 1.1597094775186543 74400
1770819383356 1.125942449861055 75200
1770819479918 1.1665910649596454 76000
1770819577419 1.1409752912235325 76800
1770819674751 1.1460833885649233 77600
1770819771683 1.140897315514319 78400
1770819868899 1.1562034881493357 79200
1770819965867 1.1547768280493105 80000
1770820063933 1.1686297327089412 80800
1770820161052 1.1954291459819284 81600
1770820258299 1.147859202464306 82400
1770820356504 1.1386028522571066 83200
1770820453821 1.1696706221131212 84000
1770820549500 1.155188819205287 84800
1770820650184 1.144343384838606 85600
1770820750529 1.1601321643837201 86400
1770820848127 1.1542847207393039 87200
1770820948902 1.1622324213197888 88000
1770821044549 1.1432917155560405 88800
1770821141475 1.141671482726874 89600
1770821239261 1.1534726489875085 90400
1770821336684 1.161354656642226 91200
1770821435240 1.1379589359128621 92000
1770821535754 1.1440801961157756 92800
1770821636839 1.1509707915600444 93600
1770821734534 1.1408999736421335 94400
1770821831878 1.1531453548178658 95200
1770821932344 1.1575631232702455 96000
1770822030839 1.1493588907240961 96800
1770822128620 1.1396595991167577 97600
1770822226661 1.1459945215370708 98400
1770822323017 1.1379516027193353 99200
1770822420597 1.1532249130920267 100000
