1770810448025 1115.2259521484375 800
1770810541858 1105.5169677734375 1600
1770810636719 1102.698974609375 2400
1770810731220 1101.748779296875 3200
1770810824126 1100.8231201171875 4000
1770810918952 1108.51123046875 4800
1770811015257 1109.47705078125 5600
1770811108309 1118.22314453125 6400
1770811203040 1116.343017578125 7200
1770811298697 1120.7625732421875 8000
1770811391846 1140.105712890625 8800
1770811486952 1138.7215576171875 9600
1770811582800 1147.6204833984375 10400
1770811675830 1167.1990966796875 11200
1770811770371 1155.1220703125 12000
1770811865296 1150.6790771484375 12800
1770811960088 1151.0677490234375 13600
1770812054770 1153.724609375 14400
1770812149805 1153.96435546875 15200
1770812245954 1158.5780029296875 16000
1770812344130 1162.0264892578125 16800
1770812438969 1170.268310546875 17600
1770812534003 1173.4495849609375 18400
1770812629207 1166.0150146484375 19200
1770812727539 1164.903076171875 20000
1770812820866 1173.75048828125 20800
1770812914031 1176.9371337890625 21600
1770813010029 1187.26953125 22400
1770813105961 1177.12939453125 23200
1770813201972 1190.2083740234375 24000
1770813297466 1174.3143310546875 24800
1770813391009 1171.5623779296875 25600
1770813486340 1179.2423095703125 26400
1770813581635 1175.9573974609375 27200
1770813677251 1187.4600830078125 28000
1770813772253 1184.4012451171875 28800
1770813865949 1183.401123046875 29600
1770813959791 1179.6397705078125 30400
1770814055309 1180.476318359375 31200
1770814150864 1174.527099609375 32000
1770814246432 1163.3568115234375 32800
1770814342115 1167.8265380859375 33600
1770814437755 1159.0831298828125 34400
1770814533408 1168.405029296875 35200
1770814628836 1161.6998291015625 36000
1770814723210 1163.060791015625 36800
1770814817074 1175.3021240234375 37600
1770814912630 1172.4981689453125 38400
1770815008452 1178.4747314453125 39200
1770815105123 1172.3258056640625 40000
1770815201782 1171.9984130859375 40800
1770815302078 1173.1697998046875 41600
1770815397785 1169.43212890625 42400
1770815496754 1174.3289794921875 43200
1770815592503 1168.1197509765625 44000
1770815686610 1178.0123291015625 44800
1770815782493 1180.4957275390625 45600
1770815881716 1171.3077392578125 46400
1770815977763 1163.9654541015625 47200
1770816073567 1175.4486083984375 48000
1770816169601 1169.7562255859375 48800
1770816265600 1178.6419677734375 49600
1770816361761 1172.70703125 50400
1770816458099 1171.8607177734375 51200
1770816554224 1182.175048828125 52000
1770816653296 1170.39013671875 52800
1770816747966 1174.65234375 53600
1770816844286 1171.1595458984375 54400
1770816940247 1182.88720703125 55200
1770817037719 1165.4615478515625 56000
1770817134123 1169.20703125 56800
1770817231145 1173.9500732421875 57600
1770817325804 1170.4742431640625 58400
1770817422679 1164.5921630859375 59200
1770817518879 1169.61328125 60000
1770817618448 1165.50390625 60800
1770817713240 1175.014892578125 61600
1770817809892 1173.1817626953125 62400
1770817906773 1169.8533935546875 63200
1770818006363 1165.6854248046875 64000
1770818104430 1155.494384765625 64800
1770818205370 1165.4334716796875 65600
1770818302037 1157.6854248046875 66400
1770818398411 1160.39892578125 67200
1770818495264 1153.9964599609375 68000
1770818595287 1154.70068359375 68800
1770818695145 1155.9342041015625 69600
1770818792122 1163.429443359375 70400
1770818888920 1159.5528564453125 71200
1770818988852 1159.6807861328125 72000
1770819088924 1171.630615234375 72800
1770819189183 1170.266357421875 73600
1770819286085 1167.1768798828125 74400
1770819383356 1172.5146484375 75200
1770819479918 1163.306396484375 76000
1770819577419 1169.00830078125 76800
1770819674751 1167.978759765625 77600
1770819771683 1169.02197265625 78400
1770819868899 1164.7523193359375 79200
1770819965867 1165.85400390625 80000
1770820063933 1157.9237060546875 80800
1770820161052 1146.8818359375 81600
1770820258299 1158.6678466796875 82400
1770820356504 1161.8653564453125 83200
1770820453821 1156.6160888671875 84000
1770820549500 1157.8414306640625 84800
1770820650184 1159.4110107421875 85600
1770820750529 1154.965576171875 86400
1770820848127 1160.8780517578125 87200
1770820948902 1157.7735595703125 88000
1770821044549 1163.9058837890625 88800
1770821141475 1170.697265625 89600
1770821239261 1166.0235595703125 90400
1770821336684 1162.3306884765625 91200
1770821435240 1168.300537109375 92000
1770821535754 1163.3184814453125 92800
1770821636839 1160.16455078125 93600
1770821734534 1165.325439453125 94400
1770821831878 1161.523681640625 95200
1770821932344 1161.9927978515625 96000
1770822030839 1164.8798828125 96800
1770822128620 1171.3033447265625 97600
1770822226661 1160.0433349609375 98400
1770822323017 1159.693603515625 99200
1770822420597 1156.7977294921875 100000
