1770810448025 -0.002873582299798727 800
1770810541858 -0.0011515001533553004 1600
1770810636719 -0.00020148839394096285 2400
1770810731220 0.0012104774359613657 3200
1770810824126 0.0026313932612538338 4000
1770810918952 0.003947938326746225 4800
1770811015257 0.005204040091484785 5600
1770811108309 0.006718888878822327 6400
1770811203040 0.008216791786253452 7200
1770811298697 0.008790230378508568 8000
1770811391846 0.009689854457974434 8800
1770811486952 0.01058636698871851 9600
1770811582800 0.011339091695845127 10400
1770811675830 0.011847000569105148 11200
1770811770371 0.012325470335781574 12000
1770811865296 0.012957017868757248 12800
1770811960088 0.013285533525049686 13600
1770812054770 0.013361955992877483 14400
1770812149805 0.013710840605199337 15200
1770812245954 0.013999325223267078 16000
1770812344130 0.014618751592934132 16800
1770812438969 0.014961046166718006 17600
1770812534003 0.01556301023811102 18400
1770812629207 0.015939507633447647 19200
1770812727539 0.01653631404042244 20000
1770812820866 0.016926150768995285 20800
1770812914031 0.016982611268758774 21600
1770813010029 0.016957152634859085 22400
1770813105961 0.01709342934191227 23200
1770813201972 0.017393015325069427 24000
1770813297466 0.01756495051085949 24800
1770813391009 0.01751861348748207 25600
1770813486340 0.017746489495038986 26400
1770813581635 0.0177999809384346 27200
1770813677251 0.018521949648857117 28000
1770813772253 0.018748905509710312 28800
1770813865949 0.018798980861902237 29600
1770813959791 0.01870736852288246 30400
1770814055309 0.0186799094080925 31200
1770814150864 0.01885158009827137 32000
1770814246432 0.018767258152365685 32800
1770814342115 0.01902092434465885 33600
1770814437755 0.019260788336396217 34400
1770814533408 0.019904132932424545 35200
1770814628836 0.020091034471988678 36000
1770814723210 0.020439615473151207 36800
1770814817074 0.02047679014503956 37600
1770814912630 0.02043735235929489 38400
1770815008452 0.021049952134490013 39200
1770815105123 0.02115659788250923 40000
1770815201782 0.021196309477090836 40800
1770815302078 0.021319866180419922 41600
1770815397785 0.02167588286101818 42400
1770815496754 0.022324247285723686 43200
1770815592503 0.022367507219314575 44000
1770815686610 0.022367946803569794 44800
1770815782493 0.02249414101243019 45600
1770815881716 0.02265818417072296 46400
1770815977763 0.0227834302932024 47200
1770816073567 0.023057743906974792 48000
1770816169601 0.023130998015403748 48800
1770816265600 0.023081645369529724 49600
1770816361761 0.022935470566153526 50400
1770816458099 0.023034531623125076 51200
1770816554224 0.023043878376483917 52000
1770816653296 0.022601060569286346 52800
1770816747966 0.023006031289696693 53600
1770816844286 0.023150289431214333 54400
1770816940247 0.023615460842847824 55200
1770817037719 0.023440564051270485 56000
1770817134123 0.023454662412405014 56800
1770817231145 0.02385195903480053 57600
1770817325804 0.023806139826774597 58400
1770817422679 0.02369518205523491 59200
1770817518879 0.023614969104528427 60000
1770817618448 0.022868838161230087 60800
1770817713240 0.022826233878731728 61600
1770817809892 0.02316666580736637 62400
1770817906773 0.023242708295583725 63200
1770818006363 0.02379215508699417 64000
1770818104430 0.02323591522872448 64800
1770818205370 0.02337097004055977 65600
1770818302037 0.02322947233915329 66400
1770818398411 0.022978030145168304 67200
1770818495264 0.0229693204164505 68000
1770818595287 0.02343742735683918 68800
1770818695145 0.023479999974370003 69600
1770818792122 0.02349853515625 70400
1770818888920 0.023626364767551422 71200
1770818988852 0.022850241512060165 72000
1770819088924 0.022957878187298775 72800
1770819189183 0.023082081228494644 73600
1770819286085 0.02301863394677639 74400
1770819383356 0.022914383560419083 75200
1770819479918 0.02304103597998619 76000
1770819577419 0.02247738279402256 76800
1770819674751 0.022348232567310333 77600
1770819771683 0.022772641852498055 78400
1770819868899 0.022853005677461624 79200
1770819965867 0.02264094538986683 80000
1770820063933 0.02251638099551201 80800
1770820161052 0.02260695956647396 81600
1770820258299 0.02249140292406082 82400
1770820356504 0.02247299812734127 83200
1770820453821 0.022512901574373245 84000
1770820549500 0.022510766983032227 84800
1770820650184 0.02252572402358055 85600
1770820750529 0.02271961234509945 86400
1770820848127 0.022492986172437668 87200
1770820948902 0.022633932530879974 88000
1770821044549 0.022362656891345978 88800
1770821141475 0.02235674485564232 89600
1770821239261 0.022122979164123535 90400
1770821336684 0.022287096828222275 91200
1770821435240 0.0225747749209404 92000
1770821535754 0.021744322031736374 92800
1770821636839 0.021781157702207565 93600
1770821734534 0.02174711599946022 94400
1770821831878 0.02151431143283844 95200
1770821932344 0.021640265360474586 96000
1770822030839 0.02158060111105442 96800
1770822128620 0.02165595069527626 97600
1770822226661 0.021238159388303757 98400
1770822323017 0.021097151562571526 99200
1770822420597 0.021233640611171722 100000
