1770810448025 0.0032853700686246157 800
1770810541858 0.002017834922298789 1600
1770810636719 0.0010430412366986275 2400
1770810731220 8.78745959198568e-06 3200
1770810824126 -0.0011864711996167898 4000
1770810918952 -0.001979648368433118 4800
1770811015257 -0.002680014818906784 5600
1770811108309 -0.0033245899248868227 6400
1770811203040 -0.004675509408116341 7200
1770811298697 -0.005081326700747013 8000
1770811391846 -0.005723333451896906 8800
1770811486952 -0.006092627998441458 9600
1770811582800 -0.006677988450974226 10400
1770811675830 -0.006862244103103876 11200
1770811770371 -0.007360038813203573 12000
1770811865296 -0.008375030942261219 12800
1770811960088 -0.008746720850467682 13600
1770812054770 -0.009116366505622864 14400
1770812149805 -0.0094794612377882 15200
1770812245954 -0.009792902506887913 16000
1770812344130 -0.010062377899885178 16800
1770812438969 -0.010613889433443546 17600
1770812534003 -0.010861143469810486 18400
1770812629207 -0.011082950048148632 19200
1770812727539 -0.011749682947993279 20000
1770812820866 -0.011971822939813137 20800
1770812914031 -0.011760590597987175 21600
1770813010029 -0.011753440834581852 22400
1770813105961 -0.01186840794980526 23200
1770813201972 -0.012461837381124496 24000
1770813297466 -0.012810740619897842 24800
1770813391009 -0.01277647353708744 25600
1770813486340 -0.01324185449630022 26400
1770813581635 -0.013426891528069973 27200
1770813677251 -0.013801716268062592 28000
1770813772253 -0.014046384021639824 28800
1770813865949 -0.014067841693758965 29600
1770813959791 -0.013979277573525906 30400
1770814055309 -0.013896463438868523 31200
1770814150864 -0.014246588572859764 32000
1770814246432 -0.014503496699035168 32800
1770814342115 -0.01495655719190836 33600
1770814437755 -0.014895935542881489 34400
1770814533408 -0.015475884079933167 35200
1770814628836 -0.015510335564613342 36000
1770814723210 -0.015457861125469208 36800
1770814817074 -0.015765324234962463 37600
1770814912630 -0.015831783413887024 38400
1770815008452 -0.016254793852567673 39200
1770815105123 -0.016652144491672516 40000
1770815201782 -0.016921469941735268 40800
1770815302078 -0.01704888604581356 41600
1770815397785 -0.017126446589827538 42400
1770815496754 -0.017180413007736206 43200
1770815592503 -0.01735653728246689 44000
1770815686610 -0.017429210245609283 44800
1770815782493 -0.0172599945217371 45600
1770815881716 -0.01756390370428562 46400
1770815977763 -0.01781042292714119 47200
1770816073567 -0.018213985487818718 48000
1770816169601 -0.01847703568637371 48800
1770816265600 -0.018333690240979195 49600
1770816361761 -0.018367117270827293 50400
1770816458099 -0.018780207261443138 51200
1770816554224 -0.01917906105518341 52000
1770816653296 -0.019327916204929352 52800
1770816747966 -0.0196145661175251 53600
1770816844286 -0.019825857132673264 54400
1770816940247 -0.019863607361912727 55200
1770817037719 -0.02008858509361744 56000
1770817134123 -0.020641230046749115 56800
1770817231145 -0.020529132336378098 57600
1770817325804 -0.020727498456835747 58400
1770817422679 -0.020989786833524704 59200
1770817518879 -0.02122657001018524 60000
1770817618448 -0.02203202433884144 60800
1770817713240 -0.022024134173989296 61600
1770817809892 -0.021844234317541122 62400
1770817906773 -0.02196543850004673 63200
1770818006363 -0.022088639438152313 64000
1770818104430 -0.022594325244426727 64800
1770818205370 -0.022548694163560867 65600
1770818302037 -0.023029429838061333 66400
1770818398411 -0.02316495217382908 67200
1770818495264 -0.023524494841694832 68000
1770818595287 -0.023648373782634735 68800
1770818695145 -0.023901836946606636 69600
1770818792122 -0.023966273292899132 70400
1770818888920 -0.02428470551967621 71200
1770818988852 -0.024505892768502235 72000
1770819088924 -0.024690303951501846 72800
1770819189183 -0.024514080956578255 73600
1770819286085 -0.024543099105358124 74400
1770819383356 -0.025075171142816544 75200
1770819479918 -0.025051170960068703 76000
1770819577419 -0.02573391981422901 76800
1770819674751 -0.02576497010886669 77600
1770819771683 -0.02577516995370388 78400
1770819868899 -0.02573857456445694 79200
1770819965867 -0.02613648772239685 80000
1770820063933 -0.026609688997268677 80800
1770820161052 -0.02696067839860916 81600
1770820258299 -0.02715911902487278 82400
1770820356504 -0.027515042573213577 83200
1770820453821 -0.02722044102847576 84000
1770820549500 -0.027545331045985222 84800
1770820650184 -0.027949074283242226 85600
1770820750529 -0.027897225692868233 86400
1770820848127 -0.027993686497211456 87200
1770820948902 -0.028032971546053886 88000
1770821044549 -0.028160661458969116 88800
1770821141475 -0.028518982231616974 89600
1770821239261 -0.028809208422899246 90400
1770821336684 -0.029087543487548828 91200
1770821435240 -0.029167674481868744 92000
1770821535754 -0.02946615032851696 92800
1770821636839 -0.029417071491479874 93600
1770821734534 -0.029693609103560448 94400
1770821831878 -0.029915660619735718 95200
1770821932344 -0.029915282502770424 96000
1770822030839 -0.03015790693461895 96800
1770822128620 -0.030257077887654305 97600
1770822226661 -0.03087545745074749 98400
1770822323017 -0.031231239438056946 99200
1770822420597 -0.031119948253035545 100000
