1770810448025 0.6834192276000977 800
1770810541858 0.7111973762512207 1600
1770810636719 0.7333191633224487 2400
1770810731220 0.7463532090187073 3200
1770810824126 0.7530734539031982 4000
1770810918952 0.7722433805465698 4800
1770811015257 0.7764813899993896 5600
1770811108309 0.7864813804626465 6400
1770811203040 0.7867584228515625 7200
1770811298697 0.7907969951629639 8000
1770811391846 0.8003596067428589 8800
1770811486952 0.7998712658882141 9600
1770811582800 0.8027048707008362 10400
1770811675830 0.806338906288147 11200
1770811770371 0.8036110401153564 12000
1770811865296 0.8025805354118347 12800
1770811960088 0.8025488257408142 13600
1770812054770 0.8030451536178589 14400
1770812149805 0.8044361472129822 15200
1770812245954 0.8048561811447144 16000
1770812344130 0.8036608695983887 16800
1770812438969 0.8047037124633789 17600
1770812534003 0.8050464391708374 18400
1770812629207 0.8039049506187439 19200
1770812727539 0.8037218451499939 20000
1770812820866 0.8045976161956787 20800
1770812914031 0.8034288883209229 21600
1770813010029 0.8040170073509216 22400
1770813105961 0.8040006160736084 23200
1770813201972 0.8052785992622375 24000
1770813297466 0.8049429655075073 24800
1770813391009 0.805071234703064 25600
1770813486340 0.8062638640403748 26400
1770813581635 0.8050037622451782 27200
1770813677251 0.805381178855896 28000
1770813772253 0.8047274351119995 28800
1770813865949 0.8054693937301636 29600
1770813959791 0.8060551881790161 30400
1770814055309 0.8052159547805786 31200
1770814150864 0.8062387704849243 32000
1770814246432 0.8044558763504028 32800
1770814342115 0.8073933124542236 33600
1770814437755 0.8067096471786499 34400
1770814533408 0.807854175567627 35200
1770814628836 0.8066523671150208 36000
1770814723210 0.8063477277755737 36800
1770814817074 0.8082135915756226 37600
1770814912630 0.808908998966217 38400
1770815008452 0.8081093430519104 39200
1770815105123 0.8078161478042603 40000
1770815201782 0.8079545497894287 40800
1770815302078 0.8080894947052002 41600
1770815397785 0.8068743348121643 42400
1770815496754 0.8074471354484558 43200
1770815592503 0.8072630167007446 44000
1770815686610 0.8075305223464966 44800
1770815782493 0.8073670864105225 45600
1770815881716 0.8077793121337891 46400
1770815977763 0.8074823617935181 47200
1770816073567 0.8084258437156677 48000
1770816169601 0.8079161643981934 48800
1770816265600 0.8082894086837769 49600
1770816361761 0.8085372447967529 50400
1770816458099 0.8092552423477173 51200
1770816554224 0.8091586828231812 52000
1770816653296 0.8076004981994629 52800
1770816747966 0.8087616562843323 53600
1770816844286 0.8094335794448853 54400
1770816940247 0.8089845180511475 55200
1770817037719 0.80791175365448 56000
1770817134123 0.8091508746147156 56800
1770817231145 0.8092318177223206 57600
1770817325804 0.8081609010696411 58400
1770817422679 0.8081728219985962 59200
1770817518879 0.809104859828949 60000
1770817618448 0.8089772462844849 60800
1770817713240 0.8115148544311523 61600
1770817809892 0.8100565671920776 62400
1770817906773 0.8104760050773621 63200
1770818006363 0.809669017791748 64000
1770818104430 0.8083252310752869 64800
1770818205370 0.8106890916824341 65600
1770818302037 0.8087177872657776 66400
1770818398411 0.8099400997161865 67200
1770818495264 0.8060871958732605 68000
1770818595287 0.8052547574043274 68800
1770818695145 0.8084347248077393 69600
1770818792122 0.8105723857879639 70400
1770818888920 0.8093897104263306 71200
1770818988852 0.8078329563140869 72000
1770819088924 0.81146240234375 72800
1770819189183 0.8110872507095337 73600
1770819286085 0.8094481229782104 74400
1770819383356 0.812040388584137 75200
1770819479918 0.8093695044517517 76000
1770819577419 0.8111332654953003 76800
1770819674751 0.8108645081520081 77600
1770819771683 0.8118235468864441 78400
1770819868899 0.8109359741210938 79200
1770819965867 0.8106465339660645 80000
1770820063933 0.8088884353637695 80800
1770820161052 0.8025482892990112 81600
1770820258299 0.8112772107124329 82400
1770820356504 0.8122003078460693 83200
1770820453821 0.809661865234375 84000
1770820549500 0.8109825849533081 84800
1770820650184 0.8113412261009216 85600
1770820750529 0.8088341951370239 86400
1770820848127 0.8111767768859863 87200
1770820948902 0.8107960224151611 88000
1770821044549 0.8140503168106079 88800
1770821141475 0.8138675093650818 89600
1770821239261 0.8123340010643005 90400
1770821336684 0.811516284942627 91200
1770821435240 0.8137409090995789 92000
1770821535754 0.8129584789276123 92800
1770821636839 0.8124399781227112 93600
1770821734534 0.8138048648834229 94400
1770821831878 0.8124989867210388 95200
1770821932344 0.8119548559188843 96000
1770822030839 0.8130649924278259 96800
1770822128620 0.814197301864624 97600
1770822226661 0.8120874762535095 98400
1770822323017 0.8130114078521729 99200
1770822420597 0.8108052611351013 100000
