1770810448025 -0.0008545978344045579 800
1770810541858 -0.00021725386613979936 1600
1770810636719 0.0003462945169303566 2400
1770810731220 0.0008306370582431555 3200
1770810824126 0.0012861790601164103 4000
1770810918952 0.001855247188359499 4800
1770811015257 0.001918960828334093 5600
1770811108309 0.0023645320907235146 6400
1770811203040 0.0031302368734031916 7200
1770811298697 0.0034246479626744986 8000
1770811391846 0.003978139720857143 8800
1770811486952 0.004418291617184877 9600
1770811582800 0.004916596692055464 10400
1770811675830 0.005125497933477163 11200
1770811770371 0.005697664339095354 12000
1770811865296 0.006605820264667273 12800
1770811960088 0.006993541494011879 13600
1770812054770 0.0072234803810715675 14400
1770812149805 0.007622006349265575 15200
1770812245954 0.008046523667871952 16000
1770812344130 0.008431658148765564 16800
1770812438969 0.008908194489777088 17600
1770812534003 0.009370251558721066 18400
1770812629207 0.009739999659359455 19200
1770812727539 0.010446883738040924 20000
1770812820866 0.010739332996308804 20800
1770812914031 0.010639725252985954 21600
1770813010029 0.01072926539927721 22400
1770813105961 0.010948345996439457 23200
1770813201972 0.011489913798868656 24000
1770813297466 0.011804597452282906 24800
1770813391009 0.011867488734424114 25600
1770813486340 0.012121266685426235 26400
1770813581635 0.012271599844098091 27200
1770813677251 0.012647245079278946 28000
1770813772253 0.012948233634233475 28800
1770813865949 0.01289505884051323 29600
1770813959791 0.012832005508244038 30400
1770814055309 0.012891850434243679 31200
1770814150864 0.01323915459215641 32000
1770814246432 0.013421684503555298 32800
1770814342115 0.014004942029714584 33600
1770814437755 0.01401580311357975 34400
1770814533408 0.014538156799972057 35200
1770814628836 0.014555334113538265 36000
1770814723210 0.014551864936947823 36800
1770814817074 0.014760643243789673 37600
1770814912630 0.014959385618567467 38400
1770815008452 0.015228544361889362 39200
1770815105123 0.015451374463737011 40000
1770815201782 0.015802858397364616 40800
1770815302078 0.01590229943394661 41600
1770815397785 0.016078729182481766 42400
1770815496754 0.016302285715937614 43200
1770815592503 0.01643809676170349 44000
1770815686610 0.01652657613158226 44800
1770815782493 0.01637144759297371 45600
1770815881716 0.016628170385956764 46400
1770815977763 0.016771137714385986 47200
1770816073567 0.017125509679317474 48000
1770816169601 0.017287790775299072 48800
1770816265600 0.017099173739552498 49600
1770816361761 0.017074353992938995 50400
1770816458099 0.017376046627759933 51200
1770816554224 0.017557265236973763 52000
1770816653296 0.017609713599085808 52800
1770816747966 0.017932996153831482 53600
1770816844286 0.018137149512767792 54400
1770816940247 0.018176473677158356 55200
1770817037719 0.018259676173329353 56000
1770817134123 0.018675774335861206 56800
1770817231145 0.018649671226739883 57600
1770817325804 0.018714912235736847 58400
1770817422679 0.018852684646844864 59200
1770817518879 0.01903313584625721 60000
1770817618448 0.019460812211036682 60800
1770817713240 0.01943676546216011 61600
1770817809892 0.019272902980446815 62400
1770817906773 0.019502319395542145 63200
1770818006363 0.01960531622171402 64000
1770818104430 0.019919194281101227 64800
1770818205370 0.020036814734339714 65600
1770818302037 0.02039589174091816 66400
1770818398411 0.020568877458572388 67200
1770818495264 0.020676948130130768 68000
1770818595287 0.02076697163283825 68800
1770818695145 0.02106437087059021 69600
1770818792122 0.021104756742715836 70400
1770818888920 0.021390581503510475 71200
1770818988852 0.02138914354145527 72000
1770819088924 0.021677421405911446 72800
1770819189183 0.021468792110681534 73600
1770819286085 0.021413177251815796 74400
1770819383356 0.021862469613552094 75200
1770819479918 0.02162890136241913 76000
1770819577419 0.021997328847646713 76800
1770819674751 0.022094475105404854 77600
1770819771683 0.022211408242583275 78400
1770819868899 0.02218136191368103 79200
1770819965867 0.022343724966049194 80000
1770820063933 0.022470397874712944 80800
1770820161052 0.022679811343550682 81600
1770820258299 0.02297990210354328 82400
1770820356504 0.023133566603064537 83200
1770820453821 0.02281375043094158 84000
1770820549500 0.023070111870765686 84800
1770820650184 0.02340577356517315 85600
1770820750529 0.02350774221122265 86400
1770820848127 0.023292526602745056 87200
1770820948902 0.02327166311442852 88000
1770821044549 0.023389611393213272 88800
1770821141475 0.023405099287629128 89600
1770821239261 0.023487310856580734 90400
1770821336684 0.02360927313566208 91200
1770821435240 0.023834817111492157 92000
1770821535754 0.023989299312233925 92800
1770821636839 0.023995714262127876 93600
1770821734534 0.02410707250237465 94400
1770821831878 0.024103213101625443 95200
1770821932344 0.02407567948102951 96000
1770822030839 0.024210697039961815 96800
1770822128620 0.024251727387309074 97600
1770822226661 0.02468378283083439 98400
1770822323017 0.024825939908623695 99200
1770822420597 0.02476801723241806 100000
