1770810448025 -0.004082604311406612 800
1770810541858 -0.003356443252414465 1600
1770810636719 -0.0026631145738065243 2400
1770810731220 -0.001798358280211687 3200
1770810824126 -0.0008451760513707995 4000
1770810918952 -0.00016051183047238737 4800
1770811015257 0.0009051304077729583 5600
1770811108309 0.001790049602277577 6400
1770811203040 0.002605981193482876 7200
1770811298697 0.0033988947980105877 8000
1770811391846 0.004124948289245367 8800
1770811486952 0.005129204597324133 9600
1770811582800 0.005973192863166332 10400
1770811675830 0.0068259472027421 11200
1770811770371 0.00819658488035202 12000
1770811865296 0.008956081233918667 12800
1770811960088 0.009938536211848259 13600
1770812054770 0.011054488830268383 14400
1770812149805 0.011669847182929516 15200
1770812245954 0.013040932826697826 16000
1770812344130 0.014414452016353607 16800
1770812438969 0.015727756544947624 17600
1770812534003 0.01725243218243122 18400
1770812629207 0.018544746562838554 19200
1770812727539 0.019899137318134308 20000
1770812820866 0.021455110982060432 20800
1770812914031 0.022686783224344254 21600
1770813010029 0.023532511666417122 22400
1770813105961 0.02407977543771267 23200
1770813201972 0.0252468753606081 24000
1770813297466 0.025840692222118378 24800
1770813391009 0.026413142681121826 25600
1770813486340 0.027295105159282684 26400
1770813581635 0.027878444641828537 27200
1770813677251 0.028856102377176285 28000
1770813772253 0.02955179661512375 28800
1770813865949 0.03005000576376915 29600
1770813959791 0.03036481700837612 30400
1770814055309 0.03075346350669861 31200
1770814150864 0.03126092255115509 32000
1770814246432 0.031550027430057526 32800
1770814342115 0.0321432463824749 33600
1770814437755 0.03226451948285103 34400
1770814533408 0.03310379758477211 35200
1770814628836 0.033326152712106705 36000
1770814723210 0.03371906280517578 36800
1770814817074 0.034146957099437714 37600
1770814912630 0.03426415100693703 38400
1770815008452 0.034888364374637604 39200
1770815105123 0.035184331238269806 40000
1770815201782 0.035585179924964905 40800
1770815302078 0.03578105568885803 41600
1770815397785 0.03611920773983002 42400
1770815496754 0.03663235157728195 43200
1770815592503 0.036780040711164474 44000
1770815686610 0.03706004098057747 44800
1770815782493 0.03711063042283058 45600
1770815881716 0.03737686574459076 46400
1770815977763 0.03769243508577347 47200
1770816073567 0.03804479539394379 48000
1770816169601 0.03829072043299675 48800
1770816265600 0.038199737668037415 49600
1770816361761 0.03818248584866524 50400
1770816458099 0.038462087512016296 51200
1770816554224 0.03877680376172066 52000
1770816653296 0.0387183241546154 52800
1770816747966 0.03906383365392685 53600
1770816844286 0.039226580411195755 54400
1770816940247 0.03941451013088226 55200
1770817037719 0.039372168481349945 56000
1770817134123 0.03971747308969498 56800
1770817231145 0.0398503839969635 57600
1770817325804 0.03993089869618416 58400
1770817422679 0.04008190706372261 59200
1770817518879 0.0402827188372612 60000
1770817618448 0.040557242929935455 60800
1770817713240 0.04067915678024292 61600
1770817809892 0.04077981784939766 62400
1770817906773 0.0410299114882946 63200
1770818006363 0.0410606749355793 64000
1770818104430 0.04132409393787384 64800
1770818205370 0.04144309461116791 65600
1770818302037 0.041664451360702515 66400
1770818398411 0.04172427952289581 67200
1770818495264 0.041803453117609024 68000
1770818595287 0.0420389287173748 68800
1770818695145 0.04234227165579796 69600
1770818792122 0.04238668829202652 70400
1770818888920 0.04248923808336258 71200
1770818988852 0.042523667216300964 72000
1770819088924 0.04285886138677597 72800
1770819189183 0.042669545859098434 73600
1770819286085 0.042632877826690674 74400
1770819383356 0.04301447421312332 75200
1770819479918 0.04276197776198387 76000
1770819577419 0.04304148629307747 76800
1770819674751 0.043140362948179245 77600
1770819771683 0.0432325042784214 78400
1770819868899 0.04322262108325958 79200
1770819965867 0.0433453693985939 80000
1770820063933 0.04328935220837593 80800
1770820161052 0.043456707149744034 81600
1770820258299 0.04374128580093384 82400
1770820356504 0.04389974847435951 83200
1770820453821 0.04368670657277107 84000
1770820549500 0.043957240879535675 84800
1770820650184 0.044224195182323456 85600
1770820750529 0.04427655041217804 86400
1770820848127 0.044172096997499466 87200
1770820948902 0.04414859414100647 88000
1770821044549 0.044167667627334595 88800
1770821141475 0.04427352547645569 89600
1770821239261 0.044400256127119064 90400
1770821336684 0.044425077736377716 91200
1770821435240 0.0447324737906456 92000
1770821535754 0.044768497347831726 92800
1770821636839 0.04477452114224434 93600
1770821734534 0.04481804743409157 94400
1770821831878 0.04483983665704727 95200
1770821932344 0.04492269083857536 96000
1770822030839 0.04506373405456543 96800
1770822128620 0.04518202692270279 97600
1770822226661 0.04549902305006981 98400
1770822323017 0.04565427824854851 99200
1770822420597 0.04571152478456497 100000
