1770810448025 0.9964335560798645 800
1770810541858 0.9961380362510681 1600
1770810636719 0.9957510828971863 2400
1770810731220 0.9950640201568604 3200
1770810824126 0.9942622184753418 4000
1770810918952 0.993338406085968 4800
1770811015257 0.9928167462348938 5600
1770811108309 0.9920618534088135 6400
1770811203040 0.9909258484840393 7200
1770811298697 0.9903392195701599 8000
1770811391846 0.9894390106201172 8800
1770811486952 0.9886640906333923 9600
1770811582800 0.9880591630935669 10400
1770811675830 0.9878302812576294 11200
1770811770371 0.9873540997505188 12000
1770811865296 0.9864693880081177 12800
1770811960088 0.9860464334487915 13600
1770812054770 0.9855300188064575 14400
1770812149805 0.9855489730834961 15200
1770812245954 0.985103189945221 16000
1770812344130 0.9846807718276978 16800
1770812438969 0.9840826988220215 17600
1770812534003 0.9841553568840027 18400
1770812629207 0.9842016100883484 19200
1770812727539 0.9838333129882812 20000
1770812820866 0.9839192628860474 20800
1770812914031 0.9838992953300476 21600
1770813010029 0.9838809370994568 22400
1770813105961 0.9839579463005066 23200
1770813201972 0.9834915995597839 24000
1770813297466 0.9831515550613403 24800
1770813391009 0.9833176732063293 25600
1770813486340 0.9827611446380615 26400
1770813581635 0.9824371933937073 27200
1770813677251 0.9822730422019958 28000
1770813772253 0.9821242094039917 28800
1770813865949 0.9823551177978516 29600
1770813959791 0.982605516910553 30400
1770814055309 0.9828659892082214 31200
1770814150864 0.9828368425369263 32000
1770814246432 0.9824694395065308 32800
1770814342115 0.982610285282135 33600
1770814437755 0.9827266335487366 34400
1770814533408 0.9823793172836304 35200
1770814628836 0.9824673533439636 36000
1770814723210 0.9824811816215515 36800
1770814817074 0.9820315837860107 37600
1770814912630 0.9823321104049683 38400
1770815008452 0.9819194674491882 39200
1770815105123 0.9814937114715576 40000
1770815201782 0.9814755916595459 40800
1770815302078 0.9813592433929443 41600
1770815397785 0.9814659357070923 42400
1770815496754 0.9816028475761414 43200
1770815592503 0.9814146757125854 44000
1770815686610 0.981356143951416 44800
1770815782493 0.9812978506088257 45600
1770815881716 0.9810269474983215 46400
1770815977763 0.9806854128837585 47200
1770816073567 0.9801302552223206 48000
1770816169601 0.9798150658607483 48800
1770816265600 0.9798402786254883 49600
1770816361761 0.9796690344810486 50400
1770816458099 0.9794898629188538 51200
1770816554224 0.9789169430732727 52000
1770816653296 0.9784315228462219 52800
1770816747966 0.978396475315094 53600
1770816844286 0.9782010912895203 54400
1770816940247 0.9781277179718018 55200
1770817037719 0.9778122305870056 56000
1770817134123 0.9773801565170288 56800
1770817231145 0.9775084257125854 57600
1770817325804 0.977124035358429 58400
1770817422679 0.9766501784324646 59200
1770817518879 0.9764826893806458 60000
1770817618448 0.9755387902259827 60800
1770817713240 0.9754986763000488 61600
1770817809892 0.9755203127861023 62400
1770817906773 0.9757377505302429 63200
1770818006363 0.9754824042320251 64000
1770818104430 0.9752461314201355 64800
1770818205370 0.9753414392471313 65600
1770818302037 0.9751762747764587 66400
1770818398411 0.9751021862030029 67200
1770818495264 0.9748736023902893 68000
1770818595287 0.9745689034461975 68800
1770818695145 0.9743303060531616 69600
1770818792122 0.9740376472473145 70400
1770818888920 0.9738994240760803 71200
1770818988852 0.9733014106750488 72000
1770819088924 0.9730732440948486 72800
1770819189183 0.9731371402740479 73600
1770819286085 0.9731650352478027 74400
1770819383356 0.9728934168815613 75200
1770819479918 0.9726746678352356 76000
1770819577419 0.9720901846885681 76800
1770819674751 0.9722301363945007 77600
1770819771683 0.972196638584137 78400
1770819868899 0.9720574021339417 79200
1770819965867 0.971601665019989 80000
1770820063933 0.9709395170211792 80800
1770820161052 0.9708364009857178 81600
1770820258299 0.9709519743919373 82400
1770820356504 0.9704521298408508 83200
1770820453821 0.970340371131897 84000
1770820549500 0.9700610041618347 84800
1770820650184 0.969765841960907 85600
1770820750529 0.9701032042503357 86400
1770820848127 0.9693494439125061 87200
1770820948902 0.9693138599395752 88000
1770821044549 0.9693394899368286 88800
1770821141475 0.9685917496681213 89600
1770821239261 0.9680466651916504 90400
1770821336684 0.9678283929824829 91200
1770821435240 0.9677031636238098 92000
1770821535754 0.9672582745552063 92800
1770821636839 0.967117965221405 93600
1770821734534 0.9666615724563599 94400
1770821831878 0.9662589430809021 95200
1770821932344 0.9660511016845703 96000
1770822030839 0.9659873843193054 96800
1770822128620 0.9658408164978027 97600
1770822226661 0.9654855132102966 98400
1770822323017 0.9652053117752075 99200
1770822420597 0.9650717377662659 100000
