1770810448025 0.9966245293617249 800
1770810541858 0.996453046798706 1600
1770810636719 0.9963828921318054 2400
1770810731220 0.9965519905090332 3200
1770810824126 0.9964818954467773 4000
1770810918952 0.9961332082748413 4800
1770811015257 0.9960510730743408 5600
1770811108309 0.9953696131706238 6400
1770811203040 0.9951058626174927 7200
1770811298697 0.9948389530181885 8000
1770811391846 0.9944352507591248 8800
1770811486952 0.9940980672836304 9600
1770811582800 0.9936845302581787 10400
1770811675830 0.9933508634567261 11200
1770811770371 0.993053674697876 12000
1770811865296 0.9924655556678772 12800
1770811960088 0.9920517206192017 13600
1770812054770 0.9915744066238403 14400
1770812149805 0.9910568594932556 15200
1770812245954 0.9907301664352417 16000
1770812344130 0.9899961948394775 16800
1770812438969 0.989452600479126 17600
1770812534003 0.9889978766441345 18400
1770812629207 0.9884870052337646 19200
1770812727539 0.9875708222389221 20000
1770812820866 0.9871324300765991 20800
1770812914031 0.9871225357055664 21600
1770813010029 0.9870832562446594 22400
1770813105961 0.9870983958244324 23200
1770813201972 0.9861859083175659 24000
1770813297466 0.9858750104904175 24800
1770813391009 0.9856785535812378 25600
1770813486340 0.9852606058120728 26400
1770813581635 0.9849721193313599 27200
1770813677251 0.9842840433120728 28000
1770813772253 0.9839320182800293 28800
1770813865949 0.9836477041244507 29600
1770813959791 0.9833670258522034 30400
1770814055309 0.9831444025039673 31200
1770814150864 0.9827114939689636 32000
1770814246432 0.98271644115448 32800
1770814342115 0.9820459485054016 33600
1770814437755 0.9816462397575378 34400
1770814533408 0.9812976717948914 35200
1770814628836 0.9812789559364319 36000
1770814723210 0.9810235500335693 36800
1770814817074 0.9804320931434631 37600
1770814912630 0.9801535606384277 38400
1770815008452 0.9791880249977112 39200
1770815105123 0.9784336090087891 40000
1770815201782 0.978296160697937 40800
1770815302078 0.9780392050743103 41600
1770815397785 0.977688729763031 42400
1770815496754 0.9774773716926575 43200
1770815592503 0.9775216579437256 44000
1770815686610 0.9771513938903809 44800
1770815782493 0.9772746562957764 45600
1770815881716 0.9767749309539795 46400
1770815977763 0.976276695728302 47200
1770816073567 0.9760762453079224 48000
1770816169601 0.9755394458770752 48800
1770816265600 0.9755272269248962 49600
1770816361761 0.9755205512046814 50400
1770816458099 0.9749208092689514 51200
1770816554224 0.9747605919837952 52000
1770816653296 0.9746174216270447 52800
1770816747966 0.9740520119667053 53600
1770816844286 0.9739503264427185 54400
1770816940247 0.9737200140953064 55200
1770817037719 0.9736772179603577 56000
1770817134123 0.9734874367713928 56800
1770817231145 0.9732014536857605 57600
1770817325804 0.9729576110839844 58400
1770817422679 0.9729358553886414 59200
1770817518879 0.9726353883743286 60000
1770817618448 0.9724718928337097 60800
1770817713240 0.9722358584403992 61600
1770817809892 0.9717562794685364 62400
1770817906773 0.9714550375938416 63200
1770818006363 0.9712827801704407 64000
1770818104430 0.9707207083702087 64800
1770818205370 0.9706225991249084 65600
1770818302037 0.970353364944458 66400
1770818398411 0.9701062440872192 67200
1770818495264 0.9693794250488281 68000
1770818595287 0.9693774580955505 68800
1770818695145 0.968878448009491 69600
1770818792122 0.9688040614128113 70400
1770818888920 0.968271791934967 71200
1770818988852 0.9682912230491638 72000
1770819088924 0.9677101373672485 72800
1770819189183 0.9677608609199524 73600
1770819286085 0.9675328135490417 74400
1770819383356 0.967008113861084 75200
1770819479918 0.9668481349945068 76000
1770819577419 0.9661654233932495 76800
1770819674751 0.9659291505813599 77600
1770819771683 0.9655791521072388 78400
1770819868899 0.9657322764396667 79200
1770819965867 0.9650691747665405 80000
1770820063933 0.965027928352356 80800
1770820161052 0.9647049307823181 81600
1770820258299 0.9643479585647583 82400
1770820356504 0.9636522531509399 83200
1770820453821 0.963995099067688 84000
1770820549500 0.9634445309638977 84800
1770820650184 0.9625414609909058 85600
1770820750529 0.9622136354446411 86400
1770820848127 0.9620915651321411 87200
1770820948902 0.9618220329284668 88000
1770821044549 0.9618031978607178 88800
1770821141475 0.9616554379463196 89600
1770821239261 0.9613357186317444 90400
1770821336684 0.9610875844955444 91200
1770821435240 0.9604982733726501 92000
1770821535754 0.9602982401847839 92800
1770821636839 0.9602401256561279 93600
1770821734534 0.9599027633666992 94400
1770821831878 0.9594846963882446 95200
1770821932344 0.9591112732887268 96000
1770822030839 0.9588310122489929 96800
1770822128620 0.9585381150245667 97600
1770822226661 0.9579799771308899 98400
1770822323017 0.9570943713188171 99200
1770822420597 0.9568289518356323 100000
