1770810448025 0.9955719113349915 800
1770810541858 0.9940385222434998 1600
1770810636719 0.9928469061851501 2400
1770810731220 0.9920825362205505 3200
1770810824126 0.9916020035743713 4000
1770810918952 0.9906080961227417 4800
1770811015257 0.9902753829956055 5600
1770811108309 0.9897497296333313 6400
1770811203040 0.9896144270896912 7200
1770811298697 0.9892573356628418 8000
1770811391846 0.988670825958252 8800
1770811486952 0.988553524017334 9600
1770811582800 0.9882668256759644 10400
1770811675830 0.9878160953521729 11200
1770811770371 0.9880383014678955 12000
1770811865296 0.9881264567375183 12800
1770811960088 0.9880098700523376 13600
1770812054770 0.9878610372543335 14400
1770812149805 0.9878442287445068 15200
1770812245954 0.9876490831375122 16000
1770812344130 0.9875403642654419 16800
1770812438969 0.9873650670051575 17600
1770812534003 0.9872944355010986 18400
1770812629207 0.9873519539833069 19200
1770812727539 0.9874207377433777 20000
1770812820866 0.9873166084289551 20800
1770812914031 0.987080991268158 21600
1770813010029 0.9868366718292236 22400
1770813105961 0.9868828654289246 23200
1770813201972 0.9867724180221558 24000
1770813297466 0.9869912266731262 24800
1770813391009 0.9869791865348816 25600
1770813486340 0.9868543148040771 26400
1770813581635 0.9868082404136658 27200
1770813677251 0.9866940975189209 28000
1770813772253 0.9866943955421448 28800
1770813865949 0.986639678478241 29600
1770813959791 0.9866254925727844 30400
1770814055309 0.986553430557251 31200
1770814150864 0.9866856336593628 32000
1770814246432 0.9868347644805908 32800
1770814342115 0.9867985248565674 33600
1770814437755 0.9868835806846619 34400
1770814533408 0.986774206161499 35200
1770814628836 0.9868417978286743 36000
1770814723210 0.986729085445404 36800
1770814817074 0.9865597486495972 37600
1770814912630 0.9865375757217407 38400
1770815008452 0.9864768981933594 39200
1770815105123 0.9865815043449402 40000
1770815201782 0.9865748286247253 40800
1770815302078 0.9864822626113892 41600
1770815397785 0.9865254163742065 42400
1770815496754 0.986436665058136 43200
1770815592503 0.9864694476127625 44000
1770815686610 0.9863041639328003 44800
1770815782493 0.9861809015274048 45600
1770815881716 0.9863680601119995 46400
1770815977763 0.986545205116272 47200
1770816073567 0.9863738417625427 48000
1770816169601 0.9864873290061951 48800
1770816265600 0.9862333536148071 49600
1770816361761 0.9862668514251709 50400
1770816458099 0.986268162727356 51200
1770816554224 0.9861100316047668 52000
1770816653296 0.9862696528434753 52800
1770816747966 0.986207127571106 53600
1770816844286 0.9862457513809204 54400
1770816940247 0.9860455393791199 55200
1770817037719 0.9862896203994751 56000
1770817134123 0.9862263798713684 56800
1770817231145 0.9860946536064148 57600
1770817325804 0.9861415028572083 58400
1770817422679 0.9862577319145203 59200
1770817518879 0.98618483543396 60000
1770817618448 0.9862960577011108 60800
1770817713240 0.9861044883728027 61600
1770817809892 0.9861218333244324 62400
1770817906773 0.9861971139907837 63200
1770818006363 0.9862106442451477 64000
1770818104430 0.9864914417266846 64800
1770818205370 0.9862461090087891 65600
1770818302037 0.9864263534545898 66400
1770818398411 0.9863616228103638 67200
1770818495264 0.9865061640739441 68000
1770818595287 0.9864946007728577 68800
1770818695145 0.9864957928657532 69600
1770818792122 0.9863104224205017 70400
1770818888920 0.9863996505737305 71200
1770818988852 0.9864239692687988 72000
1770819088924 0.9862372279167175 72800
1770819189183 0.9861516356468201 73600
1770819286085 0.9861828088760376 74400
1770819383356 0.9861429333686829 75200
1770819479918 0.9862509369850159 76000
1770819577419 0.9861786961555481 76800
1770819674751 0.9861868619918823 77600
1770819771683 0.9861476421356201 78400
1770819868899 0.9862338304519653 79200
1770819965867 0.986219584941864 80000
1770820063933 0.9863529801368713 80800
1770820161052 0.9866870641708374 81600
1770820258299 0.9863594174385071 82400
1770820356504 0.9863125681877136 83200
1770820453821 0.9863608479499817 84000
1770820549500 0.986345648765564 84800
1770820650184 0.9863451719284058 85600
1770820750529 0.9864488244056702 86400
1770820848127 0.9863020777702332 87200
1770820948902 0.9863215088844299 88000
1770821044549 0.9861174821853638 88800
1770821141475 0.9859392642974854 89600
1770821239261 0.986031174659729 90400
1770821336684 0.9860529899597168 91200
1770821435240 0.9859738945960999 92000
1770821535754 0.9861248135566711 92800
1770821636839 0.986140251159668 93600
1770821734534 0.9860261082649231 94400
1770821831878 0.9861387014389038 95200
1770821932344 0.9861462116241455 96000
1770822030839 0.9860585927963257 96800
1770822128620 0.9859287738800049 97600
1770822226661 0.9862580895423889 98400
1770822323017 0.9862782955169678 99200
1770822420597 0.9863612651824951 100000
