1770810448025 82696640.0 800
1770810541858 83640176.0 1600
1770810636719 84913376.0 2400
1770810731220 84297944.0 3200
1770810824126 82649648.0 4000
1770810918952 84646208.0 4800
1770811015257 83108568.0 5600
1770811108309 84127232.0 6400
1770811203040 82178800.0 7200
1770811298697 81487616.0 8000
1770811391846 84535368.0 8800
1770811486952 82092784.0 9600
1770811582800 82576112.0 10400
1770811675830 84757080.0 11200
1770811770371 82048304.0 12000
1770811865296 82073144.0 12800
1770811960088 81501432.0 13600
1770812054770 81230048.0 14400
1770812149805 82393064.0 15200
1770812245954 82202816.0 16000
1770812344130 81662072.0 16800
1770812438969 82982560.0 17600
1770812534003 83650728.0 18400
1770812629207 82506552.0 19200
1770812727539 83334312.0 20000
1770812820866 84883456.0 20800
1770812914031 83298816.0 21600
1770813010029 84260472.0 22400
1770813105961 82810832.0 23200
1770813201972 85889344.0 24000
1770813297466 84047976.0 24800
1770813391009 83318632.0 25600
1770813486340 84768752.0 26400
1770813581635 83172272.0 27200
1770813677251 85159408.0 28000
1770813772253 84456256.0 28800
1770813865949 83950352.0 29600
1770813959791 83187712.0 30400
1770814055309 82416304.0 31200
1770814150864 82906144.0 32000
1770814246432 80809472.0 32800
1770814342115 83594656.0 33600
1770814437755 82188168.0 34400
1770814533408 84076192.0 35200
1770814628836 82687032.0 36000
1770814723210 81969600.0 36800
1770814817074 84045288.0 37600
1770814912630 83970048.0 38400
1770815008452 84582896.0 39200
1770815105123 83945032.0 40000
1770815201782 84204368.0 40800
1770815302078 84008336.0 41600
1770815397785 82901344.0 42400
1770815496754 83891712.0 43200
1770815592503 82981904.0 44000
1770815686610 83819560.0 44800
1770815782493 83347160.0 45600
1770815881716 82890608.0 46400
1770815977763 82249472.0 47200
1770816073567 84338680.0 48000
1770816169601 83419872.0 48800
1770816265600 83441544.0 49600
1770816361761 82476408.0 50400
1770816458099 83138504.0 51200
1770816554224 84427784.0 52000
1770816653296 81902976.0 52800
1770816747966 83381960.0 53600
1770816844286 83399376.0 54400
1770816940247 84203064.0 55200
1770817037719 81585904.0 56000
1770817134123 83156600.0 56800
1770817231145 83162112.0 57600
1770817325804 82124368.0 58400
1770817422679 81785040.0 59200
1770817518879 82681752.0 60000
1770817618448 83104816.0 60800
1770817713240 85062640.0 61600
1770817809892 83343664.0 62400
1770817906773 83526952.0 63200
1770818006363 82669856.0 64000
1770818104430 82068752.0 64800
1770818205370 83579176.0 65600
1770818302037 82437784.0 66400
1770818398411 83004848.0 67200
1770818495264 80858576.0 68000
1770818595287 80576920.0 68800
1770818695145 82439872.0 69600
1770818792122 83560936.0 70400
1770818888920 82996440.0 71200
1770818988852 82103728.0 72000
1770819088924 85006752.0 72800
1770819189183 83507792.0 73600
1770819286085 82016192.0 74400
1770819383356 84764400.0 75200
1770819479918 81409280.0 76000
1770819577419 83462224.0 76800
1770819674751 83028064.0 77600
1770819771683 83477464.0 78400
1770819868899 82203024.0 79200
1770819965867 82302664.0 80000
1770820063933 81135688.0 80800
1770820161052 78919256.0 81600
1770820258299 82754736.0 82400
1770820356504 83500264.0 83200
1770820453821 81025912.0 84000
1770820549500 82149448.0 84800
1770820650184 82973160.0 85600
1770820750529 81661752.0 86400
1770820848127 82232552.0 87200
1770820948902 81590080.0 88000
1770821044549 83271552.0 88800
1770821141475 83454976.0 89600
1770821239261 82391400.0 90400
1770821336684 81754736.0 91200
1770821435240 83660832.0 92000
1770821535754 83063312.0 92800
1770821636839 82511416.0 93600
1770821734534 83404656.0 94400
1770821831878 82330360.0 95200
1770821932344 81957304.0 96000
1770822030839 82649912.0 96800
1770822128620 83514656.0 97600
1770822226661 82739072.0 98400
1770822323017 83360872.0 99200
1770822420597 82071496.0 100000
