1770810448025 -440.298583984375 800
1770810541858 -404.27587890625 1600
1770810636719 -346.017578125 2400
1770810731220 -329.290283203125 3200
1770810824126 -335.5234375 4000
1770810918952 -272.015380859375 4800
1770811015257 -264.4443359375 5600
1770811108309 -222.02685546875 6400
1770811203040 -232.2431640625 7200
1770811298697 -222.3900146484375 8000
1770811391846 -139.2762451171875 8800
1770811486952 -153.49755859375 9600
1770811582800 -124.479736328125 10400
1770811675830 -66.856689453125 11200
1770811770371 -106.16845703125 12000
1770811865296 -119.172607421875 12800
1770811960088 -116.61444091796875 13600
1770812054770 -104.6904296875 14400
1770812149805 -103.031494140625 15200
1770812245954 -80.6849365234375 16000
1770812344130 -77.51220703125 16800
1770812438969 -51.73828125 17600
1770812534003 -39.0968017578125 18400
1770812629207 -65.0548095703125 19200
1770812727539 -65.63861083984375 20000
1770812820866 -35.78839111328125 20800
1770812914031 -28.9873046875 21600
1770813010029 2.700927734375 22400
1770813105961 -29.609619140625 23200
1770813201972 17.87664794921875 24000
1770813297466 -32.219482421875 24800
1770813391009 -38.708282470703125 25600
1770813486340 -13.779052734375 26400
1770813581635 -27.881103515625 27200
1770813677251 9.124267578125 28000
1770813772253 -4.0150146484375 28800
1770813865949 -9.511962890625 29600
1770813959791 -19.148193359375 30400
1770814055309 -18.55517578125 31200
1770814150864 -30.93048095703125 32000
1770814246432 -72.04443359375 32800
1770814342115 -48.1904296875 33600
1770814437755 -80.24908447265625 34400
1770814533408 -45.8065185546875 35200
1770814628836 -73.79901123046875 36000
1770814723210 -74.46533203125 36800
1770814817074 -29.693359375 37600
1770814912630 -31.447509765625 38400
1770815008452 -22.1904296875 39200
1770815105123 -41.0849609375 40000
1770815201782 -39.4052734375 40800
1770815302078 -34.488037109375 41600
1770815397785 -50.949462890625 42400
1770815496754 -36.65948486328125 43200
1770815592503 -53.7763671875 44000
1770815686610 -24.813720703125 44800
1770815782493 -22.2777099609375 45600
1770815881716 -47.9384765625 46400
1770815977763 -73.110595703125 47200
1770816073567 -31.2586669921875 48000
1770816169601 -50.103759765625 48800
1770816265600 -29.6519775390625 49600
1770816361761 -44.625732421875 50400
1770816458099 -46.70867919921875 51200
1770816554224 -18.8394775390625 52000
1770816653296 -53.87286376953125 52800
1770816747966 -37.612548828125 53600
1770816844286 -48.33642578125 54400
1770816940247 -14.8271484375 55200
1770817037719 -74.602294921875 56000
1770817134123 -54.247802734375 56800
1770817231145 -41.045166015625 57600
1770817325804 -57.537841796875 58400
1770817422679 -76.9937744140625 59200
1770817518879 -55.86279296875 60000
1770817618448 -62.116943359375 60800
1770817713240 -22.468307495117188 61600
1770817809892 -42.151123046875 62400
1770817906773 -53.0185546875 63200
1770818006363 -64.973388671875 64000
1770818104430 -108.14324951171875 64800
1770818205370 -63.664794921875 65600
1770818302037 -98.913818359375 66400
1770818398411 -82.24740600585938 67200
1770818495264 -128.35455322265625 68000
1770818595287 -134.12738037109375 68800
1770818695145 -108.5782470703125 69600
1770818792122 -72.7132568359375 70400
1770818888920 -92.710205078125 71200
1770818988852 -98.607421875 72000
1770819088924 -39.62060546875 72800
1770819189183 -53.134521484375 73600
1770819286085 -71.52923583984375 74400
1770819383356 -40.0755615234375 75200
1770819479918 -91.5244140625 76000
1770819577419 -63.43560791015625 76800
1770819674751 -69.6192626953125 77600
1770819771683 -61.269775390625 78400
1770819868899 -84.151611328125 79200
1770819965867 -81.242431640625 80000
1770820063933 -113.6474609375 80800
1770820161052 -181.47613525390625 81600
1770820258299 -98.081787109375 82400
1770820356504 -87.911376953125 83200
1770820453821 -119.765380859375 84000
1770820549500 -107.6390380859375 84800
1770820650184 -98.175048828125 85600
1770820750529 -123.52996826171875 86400
1770820848127 -98.64654541015625 87200
1770820948902 -112.363037109375 88000
1770821044549 -73.0968017578125 88800
1770821141475 -60.2435302734375 89600
1770821239261 -86.2593994140625 90400
1770821336684 -100.996826171875 91200
1770821435240 -68.09375 92000
1770821535754 -89.55859375 92800
1770821636839 -99.873046875 93600
1770821734534 -73.12890625 94400
1770821831878 -96.9080810546875 95200
1770821932344 -103.90966796875 96000
1770822030839 -84.0548095703125 96800
1770822128620 -60.77642822265625 97600
1770822226661 -108.83319091796875 98400
1770822323017 -103.80230712890625 99200
1770822420597 -129.465576171875 100000
