1770810448025 0.9978362917900085 800
1770810541858 0.9977807402610779 1600
1770810636719 0.9981123805046082 2400
1770810731220 0.9983367323875427 3200
1770810824126 0.9982471466064453 4000
1770810918952 0.9982262849807739 4800
1770811015257 0.9980640411376953 5600
1770811108309 0.9977176189422607 6400
1770811203040 0.9976017475128174 7200
1770811298697 0.9978437423706055 8000
1770811391846 0.9976271390914917 8800
1770811486952 0.9977905750274658 9600
1770811582800 0.9974614977836609 10400
1770811675830 0.997046172618866 11200
1770811770371 0.9968222379684448 12000
1770811865296 0.9966053366661072 12800
1770811960088 0.9967556595802307 13600
1770812054770 0.9967923760414124 14400
1770812149805 0.99638831615448 15200
1770812245954 0.9966135621070862 16000
1770812344130 0.9965447187423706 16800
1770812438969 0.9964991211891174 17600
1770812534003 0.9963371753692627 18400
1770812629207 0.9961585998535156 19200
1770812727539 0.9958275556564331 20000
1770812820866 0.9955611824989319 20800
1770812914031 0.9955439567565918 21600
1770813010029 0.9955176711082458 22400
1770813105961 0.9956512451171875 23200
1770813201972 0.9951245188713074 24000
1770813297466 0.9951322078704834 24800
1770813391009 0.9953835606575012 25600
1770813486340 0.9950290322303772 26400
1770813581635 0.9952632188796997 27200
1770813677251 0.9948268532752991 28000
1770813772253 0.9944180846214294 28800
1770813865949 0.9942911267280579 29600
1770813959791 0.99434494972229 30400
1770814055309 0.9941871166229248 31200
1770814150864 0.9936392903327942 32000
1770814246432 0.9936389923095703 32800
1770814342115 0.9930950999259949 33600
1770814437755 0.9929434657096863 34400
1770814533408 0.9922429919242859 35200
1770814628836 0.9919164776802063 36000
1770814723210 0.9915604591369629 36800
1770814817074 0.9915035963058472 37600
1770814912630 0.9917715787887573 38400
1770815008452 0.9909610748291016 39200
1770815105123 0.9908475875854492 40000
1770815201782 0.9907039999961853 40800
1770815302078 0.9907492995262146 41600
1770815397785 0.9903973340988159 42400
1770815496754 0.9897128343582153 43200
1770815592503 0.9897469878196716 44000
1770815686610 0.9896811842918396 44800
1770815782493 0.9894862174987793 45600
1770815881716 0.9888027906417847 46400
1770815977763 0.988190770149231 47200
1770816073567 0.9880834817886353 48000
1770816169601 0.9874956011772156 48800
1770816265600 0.987360417842865 49600
1770816361761 0.9873214960098267 50400
1770816458099 0.9869912266731262 51200
1770816554224 0.9867916703224182 52000
1770816653296 0.9869850277900696 52800
1770816747966 0.9863772988319397 53600
1770816844286 0.9861500263214111 54400
1770816940247 0.9859412908554077 55200
1770817037719 0.9860040545463562 56000
1770817134123 0.985809326171875 56800
1770817231145 0.9854428172111511 57600
1770817325804 0.9852224588394165 58400
1770817422679 0.9845903515815735 59200
1770817518879 0.9842591881752014 60000
1770817618448 0.984017014503479 60800
1770817713240 0.9839419722557068 61600
1770817809892 0.9832087159156799 62400
1770817906773 0.982698380947113 63200
1770818006363 0.9825263619422913 64000
1770818104430 0.9820064306259155 64800
1770818205370 0.9819834232330322 65600
1770818302037 0.9816871285438538 66400
1770818398411 0.9816933274269104 67200
1770818495264 0.981433093547821 68000
1770818595287 0.98047935962677 68800
1770818695145 0.9803218841552734 69600
1770818792122 0.9800378680229187 70400
1770818888920 0.9798534512519836 71200
1770818988852 0.9794653654098511 72000
1770819088924 0.9790785312652588 72800
1770819189183 0.9795152544975281 73600
1770819286085 0.9793867468833923 74400
1770819383356 0.9789663553237915 75200
1770819479918 0.9790067672729492 76000
1770819577419 0.9785841107368469 76800
1770819674751 0.9781973958015442 77600
1770819771683 0.9780185222625732 78400
1770819868899 0.9776058793067932 79200
1770819965867 0.9774453639984131 80000
1770820063933 0.9774903059005737 80800
1770820161052 0.9770506620407104 81600
1770820258299 0.9770193696022034 82400
1770820356504 0.9764726161956787 83200
1770820453821 0.9765290021896362 84000
1770820549500 0.976371705532074 84800
1770820650184 0.9761629700660706 85600
1770820750529 0.9758634567260742 86400
1770820848127 0.9758987426757812 87200
1770820948902 0.9757901430130005 88000
1770821044549 0.9759877324104309 88800
1770821141475 0.9755313396453857 89600
1770821239261 0.9751646518707275 90400
1770821336684 0.9752622842788696 91200
1770821435240 0.9744470715522766 92000
1770821535754 0.9741252064704895 92800
1770821636839 0.9741212725639343 93600
1770821734534 0.9741482734680176 94400
1770821831878 0.973997950553894 95200
1770821932344 0.97365403175354 96000
1770822030839 0.9734610915184021 96800
1770822128620 0.9730187058448792 97600
1770822226661 0.9723620414733887 98400
1770822323017 0.9720759987831116 99200
1770822420597 0.9715429544448853 100000
