1770810448025 0.0037656028289347887 800
1770810541858 0.0027318645734339952 1600
1770810636719 0.0016610691091045737 2400
1770810731220 0.0005295167211443186 3200
1770810824126 -0.0005418307264335454 4000
1770810918952 -0.0014001143863424659 4800
1770811015257 -0.0028982863295823336 5600
1770811108309 -0.003969721496105194 6400
1770811203040 -0.0048057460226118565 7200
1770811298697 -0.006193066947162151 8000
1770811391846 -0.007611655164510012 8800
1770811486952 -0.008926420472562313 9600
1770811582800 -0.010365217924118042 10400
1770811675830 -0.011879648081958294 11200
1770811770371 -0.013095702044665813 12000
1770811865296 -0.014335685409605503 12800
1770811960088 -0.015019423328340054 13600
1770812054770 -0.015528665855526924 14400
1770812149805 -0.01652364432811737 15200
1770812245954 -0.01706448197364807 16000
1770812344130 -0.01754339039325714 16800
1770812438969 -0.018107786774635315 17600
1770812534003 -0.01865120232105255 18400
1770812629207 -0.01908092014491558 19200
1770812727539 -0.019861778244376183 20000
1770812820866 -0.020453717559576035 20800
1770812914031 -0.02051842026412487 21600
1770813010029 -0.02083761803805828 22400
1770813105961 -0.02107222005724907 23200
1770813201972 -0.021670527756214142 24000
1770813297466 -0.02208629436790943 24800
1770813391009 -0.022265776991844177 25600
1770813486340 -0.0226737093180418 26400
1770813581635 -0.022736700251698494 27200
1770813677251 -0.023147203028202057 28000
1770813772253 -0.023472869768738747 28800
1770813865949 -0.023693734779953957 29600
1770813959791 -0.02383565716445446 30400
1770814055309 -0.0239290501922369 31200
1770814150864 -0.024410104379057884 32000
1770814246432 -0.024518175050616264 32800
1770814342115 -0.025144491344690323 33600
1770814437755 -0.02529839240014553 34400
1770814533408 -0.025804460048675537 35200
1770814628836 -0.02594802901148796 36000
1770814723210 -0.026033643633127213 36800
1770814817074 -0.02628747560083866 37600
1770814912630 -0.026445694267749786 38400
1770815008452 -0.02686905674636364 39200
1770815105123 -0.02712717093527317 40000
1770815201782 -0.02742139808833599 40800
1770815302078 -0.027571802958846092 41600
1770815397785 -0.027744468301534653 42400
1770815496754 -0.02807629480957985 43200
1770815592503 -0.02819487825036049 44000
1770815686610 -0.028305407613515854 44800
1770815782493 -0.028271066024899483 45600
1770815881716 -0.028559602797031403 46400
1770815977763 -0.028843121603131294 47200
1770816073567 -0.029188405722379684 48000
1770816169601 -0.02942572347819805 48800
1770816265600 -0.029317524284124374 49600
1770816361761 -0.02940327860414982 50400
1770816458099 -0.02969820238649845 51200
1770816554224 -0.02994988113641739 52000
1770816653296 -0.02993813157081604 52800
1770816747966 -0.0303299929946661 53600
1770816844286 -0.030555179342627525 54400
1770816940247 -0.030617602169513702 55200
1770817037719 -0.030667642131447792 56000
1770817134123 -0.031001869589090347 56800
1770817231145 -0.0310954712331295 57600
1770817325804 -0.03118390217423439 58400
1770817422679 -0.03140389174222946 59200
1770817518879 -0.03157970681786537 60000
1770817618448 -0.0319335050880909 60800
1770817713240 -0.03205998241901398 61600
1770817809892 -0.032047782093286514 62400
1770817906773 -0.032346539199352264 63200
1770818006363 -0.032448649406433105 64000
1770818104430 -0.03280363976955414 64800
1770818205370 -0.03289204090833664 65600
1770818302037 -0.033149246126413345 66400
1770818398411 -0.03323373943567276 67200
1770818495264 -0.03332088142633438 68000
1770818595287 -0.03352687135338783 68800
1770818695145 -0.03387683257460594 69600
1770818792122 -0.03391850367188454 70400
1770818888920 -0.034093525260686874 71200
1770818988852 -0.034124184399843216 72000
1770819088924 -0.03443925827741623 72800
1770819189183 -0.03425655886530876 73600
1770819286085 -0.034231267869472504 74400
1770819383356 -0.0346725769340992 75200
1770819479918 -0.03441252186894417 76000
1770819577419 -0.03477214276790619 76800
1770819674751 -0.03485792875289917 77600
1770819771683 -0.0350128710269928 78400
1770819868899 -0.0350140742957592 79200
1770819965867 -0.03519616276025772 80000
1770820063933 -0.0352637842297554 80800
1770820161052 -0.03548334911465645 81600
1770820258299 -0.03577499836683273 82400
1770820356504 -0.03597443178296089 83200
1770820453821 -0.03574564680457115 84000
1770820549500 -0.03605972230434418 84800
1770820650184 -0.03638558089733124 85600
1770820750529 -0.036467667669057846 86400
1770820848127 -0.03635186702013016 87200
1770820948902 -0.036368537694215775 88000
1770821044549 -0.03642277419567108 88800
1770821141475 -0.036516882479190826 89600
1770821239261 -0.036655738949775696 90400
1770821336684 -0.03675047680735588 91200
1770821435240 -0.03703707084059715 92000
1770821535754 -0.037161268293857574 92800
1770821636839 -0.03720896691083908 93600
1770821734534 -0.03728676587343216 94400
1770821831878 -0.03735653683543205 95200
1770821932344 -0.03742988407611847 96000
1770822030839 -0.03758694976568222 96800
1770822128620 -0.037694916129112244 97600
1770822226661 -0.03812635317444801 98400
1770822323017 -0.038346000015735626 99200
1770822420597 -0.03838617727160454 100000
