1770810448025 -707.287841796875 800
1770810541858 -714.69091796875 1600
1770810636719 -719.9600219726562 2400
1770810731220 -723.1817016601562 3200
1770810824126 -725.1661987304688 4000
1770810918952 -731.6990966796875 4800
1770811015257 -733.8259887695312 5600
1770811108309 -739.015869140625 6400
1770811203040 -739.07763671875 7200
1770811298697 -740.843994140625 8000
1770811391846 -747.5785522460938 8800
1770811486952 -747.5650024414062 9600
1770811582800 -749.7453002929688 10400
1770811675830 -754.3656616210938 11200
1770811770371 -752.4258422851562 12000
1770811865296 -751.8005981445312 12800
1770811960088 -751.9938354492188 13600
1770812054770 -752.4356079101562 14400
1770812149805 -752.27880859375 15200
1770812245954 -753.3364868164062 16000
1770812344130 -754.320068359375 16800
1770812438969 -756.4668579101562 17600
1770812534003 -757.2847900390625 18400
1770812629207 -755.2078857421875 19200
1770812727539 -755.2698364257812 20000
1770812820866 -758.509765625 20800
1770812914031 -758.1063232421875 21600
1770813010029 -759.9591064453125 22400
1770813105961 -757.5147094726562 23200
1770813201972 -760.9376220703125 24000
1770813297466 -757.3726806640625 24800
1770813391009 -756.7507934570312 25600
1770813486340 -758.805908203125 26400
1770813581635 -757.9241943359375 27200
1770813677251 -761.05859375 28000
1770813772253 -759.7011108398438 28800
1770813865949 -759.1068115234375 29600
1770813959791 -757.8021240234375 30400
1770814055309 -757.4880981445312 31200
1770814150864 -756.4697875976562 32000
1770814246432 -753.7037963867188 32800
1770814342115 -755.2354736328125 33600
1770814437755 -752.3657836914062 34400
1770814533408 -755.0733642578125 35200
1770814628836 -753.0631103515625 36000
1770814723210 -752.505859375 36800
1770814817074 -756.0076904296875 37600
1770814912630 -755.5773315429688 38400
1770815008452 -756.6535034179688 39200
1770815105123 -755.119140625 40000
1770815201782 -755.3223876953125 40800
1770815302078 -755.364013671875 41600
1770815397785 -754.280517578125 42400
1770815496754 -755.34033203125 43200
1770815592503 -753.5363159179688 44000
1770815686610 -755.760009765625 44800
1770815782493 -755.8292846679688 45600
1770815881716 -753.972412109375 46400
1770815977763 -751.9097900390625 47200
1770816073567 -755.245849609375 48000
1770816169601 -753.706787109375 48800
1770816265600 -754.8408203125 49600
1770816361761 -752.6923828125 50400
1770816458099 -752.5299072265625 51200
1770816554224 -754.9825439453125 52000
1770816653296 -751.8563232421875 52800
1770816747966 -752.759765625 53600
1770816844286 -752.062255859375 54400
1770816940247 -754.6732788085938 55200
1770817037719 -749.91259765625 56000
1770817134123 -751.1658935546875 56800
1770817231145 -751.7540283203125 57600
1770817325804 -750.6380615234375 58400
1770817422679 -748.9404907226562 59200
1770817518879 -750.3580932617188 60000
1770817618448 -749.5505981445312 60800
1770817713240 -752.0421142578125 61600
1770817809892 -750.3992309570312 62400
1770817906773 -749.6112060546875 63200
1770818006363 -747.8512573242188 64000
1770818104430 -744.8422241210938 64800
1770818205370 -747.762939453125 65600
1770818302037 -745.5458374023438 66400
1770818398411 -746.4673461914062 67200
1770818495264 -742.957763671875 68000
1770818595287 -742.4760131835938 68800
1770818695145 -743.94970703125 69600
1770818792122 -746.105224609375 70400
1770818888920 -745.179443359375 71200
1770818988852 -744.5932006835938 72000
1770819088924 -748.38232421875 72800
1770819189183 -747.4091796875 73600
1770819286085 -745.793701171875 74400
1770819383356 -748.4178466796875 75200
1770819479918 -744.6183471679688 76000
1770819577419 -746.7549438476562 76800
1770819674751 -746.0048828125 77600
1770819771683 -746.4579467773438 78400
1770819868899 -744.5252685546875 79200
1770819965867 -744.3982543945312 80000
1770820063933 -741.7949829101562 80800
1770820161052 -737.1068725585938 81600
1770820258299 -743.0313110351562 82400
1770820356504 -743.7340698242188 83200
1770820453821 -740.3728637695312 84000
1770820549500 -741.378662109375 84800
1770820650184 -742.5091552734375 85600
1770820750529 -740.686279296875 86400
1770820848127 -742.4092407226562 87200
1770820948902 -740.991943359375 88000
1770821044549 -743.2138671875 88800
1770821141475 -744.402587890625 89600
1770821239261 -743.1134033203125 90400
1770821336684 -742.046875 91200
1770821435240 -744.1395263671875 92000
1770821535754 -742.5048828125 92800
1770821636839 -741.4506225585938 93600
1770821734534 -743.12841796875 94400
1770821831878 -741.9426879882812 95200
1770821932344 -741.9910278320312 96000
1770822030839 -742.7172241210938 96800
1770822128620 -744.302978515625 97600
1770822226661 -741.06884765625 98400
1770822323017 -740.7783203125 99200
1770822420597 -738.96826171875 100000
