1770810448025 -0.003550581634044647 800
1770810541858 -0.0033453635405749083 1600
1770810636719 -0.0030394948553293943 2400
1770810731220 -0.0026919050142169 3200
1770810824126 -0.002216920256614685 4000
1770810918952 -0.0020049067679792643 4800
1770811015257 -0.0016778118442744017 5600
1770811108309 -0.0017218886641785502 6400
1770811203040 -0.0013019799953326583 7200
1770811298697 -0.0011621369048953056 8000
1770811391846 -0.0013780815061181784 8800
1770811486952 -0.0010711383074522018 9600
1770811582800 -0.0008562434813939035 10400
1770811675830 -0.0010262937285006046 11200
1770811770371 -0.0009571819682605565 12000
1770811865296 -0.0008102790452539921 12800
1770811960088 -0.0005291273701004684 13600
1770812054770 -0.0003723223344422877 14400
1770812149805 -2.0524850697256625e-05 15200
1770812245954 0.00017863088578451425 16000
1770812344130 0.00012904881441500038 16800
1770812438969 0.000400794786401093 17600
1770812534003 0.0005960175185464323 18400
1770812629207 0.0010965410619974136 19200
1770812727539 0.001862111734226346 20000
1770812820866 0.0017424446996301413 20800
1770812914031 0.001376252039335668 21600
1770813010029 0.0012185011291876435 22400
1770813105961 0.0016871271654963493 23200
1770813201972 0.002008076524361968 24000
1770813297466 0.00241194199770689 24800
1770813391009 0.0022453940473496914 25600
1770813486340 0.0025325571186840534 26400
1770813581635 0.0023789620026946068 27200
1770813677251 0.0025497600436210632 28000
1770813772253 0.0027268107514828444 28800
1770813865949 0.0027142632752656937 29600
1770813959791 0.0027288973797112703 30400
1770814055309 0.002464489545673132 31200
1770814150864 0.002777198562398553 32000
1770814246432 0.002693707589060068 32800
1770814342115 0.003405017079785466 33600
1770814437755 0.0037424908950924873 34400
1770814533408 0.0038559187669306993 35200
1770814628836 0.004002850502729416 36000
1770814723210 0.004013611935079098 36800
1770814817074 0.003997911233454943 37600
1770814912630 0.003899908158928156 38400
1770815008452 0.004130661021918058 39200
1770815105123 0.0044093504548072815 40000
1770815201782 0.004365552682429552 40800
1770815302078 0.004314058925956488 41600
1770815397785 0.0040059769526124 42400
1770815496754 0.003928884863853455 43200
1770815592503 0.004236666485667229 44000
1770815686610 0.003767009824514389 44800
1770815782493 0.0036316942423582077 45600
1770815881716 0.003750723786652088 46400
1770815977763 0.0039275153540074825 47200
1770816073567 0.0035975321661680937 48000
1770816169601 0.0037137186154723167 48800
1770816265600 0.0034193857572972775 49600
1770816361761 0.0035576033405959606 50400
1770816458099 0.00406288867816329 51200
1770816554224 0.004075522068887949 52000
1770816653296 0.003978770691901445 52800
1770816747966 0.004508409649133682 53600
1770816844286 0.004771150648593903 54400
1770816940247 0.004195662215352058 55200
1770817037719 0.004498017951846123 56000
1770817134123 0.0048677572049200535 56800
1770817231145 0.004831962287425995 57600
1770817325804 0.004961166065186262 58400
1770817422679 0.005124616902321577 59200
1770817518879 0.004948220681399107 60000
1770817618448 0.005368493031710386 60800
1770817713240 0.005287312902510166 61600
1770817809892 0.005142392590641975 62400
1770817906773 0.00523214740678668 63200
1770818006363 0.00552462600171566 64000
1770818104430 0.0059900423511862755 64800
1770818205370 0.005412350408732891 65600
1770818302037 0.005606136750429869 66400
1770818398411 0.005335626192390919 67200
1770818495264 0.005619961768388748 68000
1770818595287 0.005503072403371334 68800
1770818695145 0.005581573583185673 69600
1770818792122 0.0053659407421946526 70400
1770818888920 0.005399998743087053 71200
1770818988852 0.005111128091812134 72000
1770819088924 0.004678663332015276 72800
1770819189183 0.005043108481913805 73600
1770819286085 0.004934611264616251 74400
1770819383356 0.004923455882817507 75200
1770819479918 0.004882222507148981 76000
1770819577419 0.005105898249894381 76800
1770819674751 0.005145984701812267 77600
1770819771683 0.005239515099674463 78400
1770819868899 0.00537698483094573 79200
1770819965867 0.005423260852694511 80000
1770820063933 0.005761668551713228 80800
1770820161052 0.006152339745312929 81600
1770820258299 0.00607288395985961 82400
1770820356504 0.006215668749064207 83200
1770820453821 0.006496084854006767 84000
1770820549500 0.006440179888159037 84800
1770820650184 0.006209221202880144 85600
1770820750529 0.006084396503865719 86400
1770820848127 0.006228570360690355 87200
1770820948902 0.006534292828291655 88000
1770821044549 0.00669547263532877 88800
1770821141475 0.006884298752993345 89600
1770821239261 0.006860559340566397 90400
1770821336684 0.006941531784832478 91200
1770821435240 0.006738294381648302 92000
1770821535754 0.006915871519595385 92800
1770821636839 0.006926505360752344 93600
1770821734534 0.006899123080074787 94400
1770821831878 0.006984586827456951 95200
1770821932344 0.006794533226639032 96000
1770822030839 0.00680319219827652 96800
1770822128620 0.007029121275991201 97600
1770822226661 0.007585478015244007 98400
1770822323017 0.007905645295977592 99200
1770822420597 0.007833491079509258 100000
