1770810448025 -0.001810752204619348 800
1770810541858 4.818843808607198e-05 1600
1770810636719 0.001310765161179006 2400
1770810731220 0.0030350713059306145 3200
1770810824126 0.004441224038600922 4000
1770810918952 0.005473736207932234 4800
1770811015257 0.006037935148924589 5600
1770811108309 0.006831807550042868 6400
1770811203040 0.008019707165658474 7200
1770811298697 0.008414356969296932 8000
1770811391846 0.009034942835569382 8800
1770811486952 0.009162851609289646 9600
1770811582800 0.009635145775973797 10400
1770811675830 0.010111251845955849 11200
1770811770371 0.010221024043858051 12000
1770811865296 0.010789955034852028 12800
1770811960088 0.010920369997620583 13600
1770812054770 0.011052259244024754 14400
1770812149805 0.011374641209840775 15200
1770812245954 0.01145678199827671 16000
1770812344130 0.011652455665171146 16800
1770812438969 0.011897942051291466 17600
1770812534003 0.01214632112532854 18400
1770812629207 0.012280648574233055 19200
1770812727539 0.012748976238071918 20000
1770812820866 0.012991227209568024 20800
1770812914031 0.012887416407465935 21600
1770813010029 0.012877123430371284 22400
1770813105961 0.012853586114943027 23200
1770813201972 0.013340238481760025 24000
1770813297466 0.013550293631851673 24800
1770813391009 0.01351253967732191 25600
1770813486340 0.013745313510298729 26400
1770813581635 0.013658235780894756 27200
1770813677251 0.014065084978938103 28000
1770813772253 0.014225579798221588 28800
1770813865949 0.014304757118225098 29600
1770813959791 0.014325414784252644 30400
1770814055309 0.014299614354968071 31200
1770814150864 0.014641865156590939 32000
1770814246432 0.014665310271084309 32800
1770814342115 0.015237557701766491 33600
1770814437755 0.015242413617670536 34400
1770814533408 0.01563115045428276 35200
1770814628836 0.0157284215092659 36000
1770814723210 0.015726380050182343 36800
1770814817074 0.015894541516900063 37600
1770814912630 0.015912417322397232 38400
1770815008452 0.01629452407360077 39200
1770815105123 0.016531847417354584 40000
1770815201782 0.016737502068281174 40800
1770815302078 0.01676894538104534 41600
1770815397785 0.016887353733181953 42400
1770815496754 0.017148654907941818 43200
1770815592503 0.01711823046207428 44000
1770815686610 0.017089830711483955 44800
1770815782493 0.017030104994773865 45600
1770815881716 0.017324229702353477 46400
1770815977763 0.0175893846899271 47200
1770816073567 0.017885219305753708 48000
1770816169601 0.018048297613859177 48800
1770816265600 0.01787937432527542 49600
1770816361761 0.017908571287989616 50400
1770816458099 0.01819911226630211 51200
1770816554224 0.018350573256611824 52000
1770816653296 0.018154261633753777 52800
1770816747966 0.018558640033006668 53600
1770816844286 0.01873156800866127 54400
1770816940247 0.01875445991754532 55200
1770817037719 0.018701177090406418 56000
1770817134123 0.01897563599050045 56800
1770817231145 0.019069159403443336 57600
1770817325804 0.019058117642998695 58400
1770817422679 0.01924341917037964 59200
1770817518879 0.01933916099369526 60000
1770817618448 0.019600849598646164 60800
1770817713240 0.01968662440776825 61600
1770817809892 0.01969066821038723 62400
1770817906773 0.019950712099671364 63200
1770818006363 0.020009847357869148 64000
1770818104430 0.02035415731370449 64800
1770818205370 0.02036639116704464 65600
1770818302037 0.020536040887236595 66400
1770818398411 0.020524192601442337 67200
1770818495264 0.02061496302485466 68000
1770818595287 0.020774461328983307 68800
1770818695145 0.021105315536260605 69600
1770818792122 0.02110772393643856 70400
1770818888920 0.021242497488856316 71200
1770818988852 0.021189555525779724 72000
1770819088924 0.021469460800290108 72800
1770819189183 0.021301060914993286 73600
1770819286085 0.02126195840537548 74400
1770819383356 0.021663332358002663 75200
1770819479918 0.02145783044397831 76000
1770819577419 0.021795496344566345 76800
1770819674751 0.021875815466046333 77600
1770819771683 0.022069284692406654 78400
1770819868899 0.02198861539363861 79200
1770819965867 0.022148514166474342 80000
1770820063933 0.022212987765669823 80800
1770820161052 0.02252797968685627 81600
1770820258299 0.022837886586785316 82400
1770820356504 0.023091673851013184 83200
1770820453821 0.02281438186764717 84000
1770820549500 0.023134922608733177 84800
1770820650184 0.023472579196095467 85600
1770820750529 0.023503514006733894 86400
1770820848127 0.02338511124253273 87200
1770820948902 0.023470984771847725 88000
1770821044549 0.023427901789546013 88800
1770821141475 0.02349943481385708 89600
1770821239261 0.023641718551516533 90400
1770821336684 0.02375228889286518 91200
1770821435240 0.024084975942969322 92000
1770821535754 0.0241438839584589 92800
1770821636839 0.02419663779437542 93600
1770821734534 0.024240048602223396 94400
1770821831878 0.024316109716892242 95200
1770821932344 0.024388443678617477 96000
1770822030839 0.024550292640924454 96800
1770822128620 0.024653462693095207 97600
1770822226661 0.02512369491159916 98400
1770822323017 0.025493590161204338 99200
1770822420597 0.025639861822128296 100000
