1770810448025 4773.48828125 800
1770810541858 4556.62744140625 1600
1770810636719 4360.626953125 2400
1770810731220 4269.3623046875 3200
1770810824126 4253.08056640625 4000
1770810918952 4035.918212890625 4800
1770811015257 4031.197509765625 5600
1770811108309 3906.50244140625 6400
1770811203040 3948.941650390625 7200
1770811298697 3919.500244140625 8000
1770811391846 3733.564697265625 8800
1770811486952 3784.521484375 9600
1770811582800 3729.9873046875 10400
1770811675830 3622.931884765625 11200
1770811770371 3711.61669921875 12000
1770811865296 3730.83544921875 12800
1770811960088 3739.010986328125 13600
1770812054770 3731.69189453125 14400
1770812149805 3695.526123046875 15200
1770812245954 3679.757080078125 16000
1770812344130 3689.53857421875 16800
1770812438969 3638.216064453125 17600
1770812534003 3616.8115234375 18400
1770812629207 3658.818359375 19200
1770812727539 3650.04052734375 20000
1770812820866 3601.88232421875 20800
1770812914031 3619.689697265625 21600
1770813010029 3580.920166015625 22400
1770813105961 3618.14892578125 23200
1770813201972 3552.6767578125 24000
1770813297466 3603.107177734375 24800
1770813391009 3615.692138671875 25600
1770813486340 3573.640380859375 26400
1770813581635 3608.27197265625 27200
1770813677251 3559.910888671875 28000
1770813772253 3577.0302734375 28800
1770813865949 3578.109619140625 29600
1770813959791 3589.3681640625 30400
1770814055309 3601.906982421875 31200
1770814150864 3602.3203125 32000
1770814246432 3683.39208984375 32800
1770814342115 3600.305419921875 33600
1770814437755 3652.375 34400
1770814533408 3589.67919921875 35200
1770814628836 3637.874755859375 36000
1770814723210 3650.348388671875 36800
1770814817074 3570.27587890625 37600
1770814912630 3569.071044921875 38400
1770815008452 3557.841064453125 39200
1770815105123 3583.252197265625 40000
1770815201782 3577.306884765625 40800
1770815302078 3574.48828125 41600
1770815397785 3609.45556640625 42400
1770815496754 3579.7431640625 43200
1770815592503 3607.840576171875 44000
1770815686610 3567.71484375 44800
1770815782493 3568.403076171875 45600
1770815881716 3596.789794921875 46400
1770815977763 3633.023193359375 47200
1770816073567 3562.64697265625 48000
1770816169601 3595.349853515625 48800
1770816265600 3569.163818359375 49600
1770816361761 3596.239501953125 50400
1770816458099 3582.10986328125 51200
1770816554224 3541.838134765625 52000
1770816653296 3620.843994140625 52800
1770816747966 3576.407958984375 53600
1770816844286 3579.76220703125 54400
1770816940247 3543.073486328125 55200
1770817037719 3640.7744140625 56000
1770817134123 3589.875732421875 56800
1770817231145 3576.517822265625 57600
1770817325804 3613.841796875 58400
1770817422679 3638.79638671875 59200
1770817518879 3598.586669921875 60000
1770817618448 3603.67431640625 60800
1770817713240 3529.61572265625 61600
1770817809892 3571.80224609375 62400
1770817906773 3576.055419921875 63200
1770818006363 3606.798095703125 64000
1770818104430 3665.08935546875 64800
1770818205370 3584.89453125 65600
1770818302037 3647.498779296875 66400
1770818398411 3614.07763671875 67200
1770818495264 3718.9033203125 68000
1770818595287 3734.052978515625 68800
1770818695145 3655.93505859375 69600
1770818792122 3593.470703125 70400
1770818888920 3623.90771484375 71200
1770818988852 3655.2880859375 72000
1770819088924 3543.7216796875 72800
1770819189183 3569.5166015625 73600
1770819286085 3619.5068359375 74400
1770819383356 3538.375 75200
1770819479918 3648.156982421875 76000
1770819577419 3577.450927734375 76800
1770819674751 3592.16357421875 77600
1770819771683 3572.837158203125 78400
1770819868899 3616.239501953125 79200
1770819965867 3614.796142578125 80000
1770820063933 3680.77490234375 80800
1770820161052 3842.7021484375 81600
1770820258299 3620.370849609375 82400
1770820356504 3591.579345703125 83200
1770820453821 3684.136474609375 84000
1770820549500 3640.921142578125 84800
1770820650184 3616.71630859375 85600
1770820750529 3681.134765625 86400
1770820848127 3628.600341796875 87200
1770820948902 3658.0830078125 88000
1770821044549 3570.831787109375 88800
1770821141475 3554.3056640625 89600
1770821239261 3603.652099609375 90400
1770821336684 3633.625 91200
1770821435240 3559.7138671875 92000
1770821535754 3592.535400390625 92800
1770821636839 3614.82861328125 93600
1770821734534 3568.891357421875 94400
1770821831878 3615.688232421875 95200
1770821932344 3629.703369140625 96000
1770822030839 3595.88134765625 96800
1770822128620 3551.684326171875 97600
1770822226661 3620.878662109375 98400
1770822323017 3602.548583984375 99200
1770822420597 3661.330322265625 100000
