1770810448025 2208.100341796875 800
1770810541858 2111.735595703125 1600
1770810636719 2036.2899169921875 2400
1770810731220 1982.1788330078125 3200
1770810824126 1945.66015625 4000
1770810918952 1886.3896484375 4800
1770811015257 1860.9937744140625 5600
1770811108309 1824.4466552734375 6400
1770811203040 1811.5498046875 7200
1770811298697 1795.773681640625 8000
1770811391846 1770.170654296875 8800
1770811486952 1764.9525146484375 9600
1770811582800 1755.751220703125 10400
1770811675830 1749.1629638671875 11200
1770811770371 1750.575927734375 12000
1770811865296 1751.7587890625 12800
1770811960088 1751.2354736328125 13600
1770812054770 1749.506103515625 14400
1770812149805 1742.4632568359375 15200
1770812245954 1740.87060546875 16000
1770812344130 1746.8623046875 16800
1770812438969 1743.576171875 17600
1770812534003 1742.1566162109375 18400
1770812629207 1744.991455078125 19200
1770812727539 1744.9471435546875 20000
1770812820866 1742.0355224609375 20800
1770812914031 1747.9920654296875 21600
1770813010029 1744.2808837890625 22400
1770813105961 1742.7935791015625 23200
1770813201972 1737.3353271484375 24000
1770813297466 1738.015380859375 24800
1770813391009 1736.2354736328125 25600
1770813486340 1730.826171875 26400
1770813581635 1737.384033203125 27200
1770813677251 1736.1419677734375 28000
1770813772253 1740.1993408203125 28800
1770813865949 1735.6707763671875 29600
1770813959791 1731.7208251953125 30400
1770814055309 1736.4068603515625 31200
1770814150864 1730.5604248046875 32000
1770814246432 1741.0537109375 32800
1770814342115 1723.89892578125 33600
1770814437755 1725.69140625 34400
1770814533408 1721.53515625 35200
1770814628836 1727.5386962890625 36000
1770814723210 1730.1925048828125 36800
1770814817074 1720.34619140625 37600
1770814912630 1715.1611328125 38400
1770815008452 1720.8358154296875 39200
1770815105123 1723.521728515625 40000
1770815201782 1722.3931884765625 40800
1770815302078 1721.291748046875 41600
1770815397785 1729.13525390625 42400
1770815496754 1725.521484375 43200
1770815592503 1726.387451171875 44000
1770815686610 1724.6658935546875 44800
1770815782493 1724.6795654296875 45600
1770815881716 1723.7247314453125 46400
1770815977763 1726.619384765625 47200
1770816073567 1720.489013671875 48000
1770816169601 1725.2247314453125 48800
1770816265600 1721.6756591796875 49600
1770816361761 1720.4759521484375 50400
1770816458099 1715.9874267578125 51200
1770816554224 1715.768798828125 52000
1770816653296 1728.1297607421875 52800
1770816747966 1720.371337890625 53600
1770816844286 1716.3165283203125 54400
1770816940247 1717.611328125 55200
1770817037719 1726.920654296875 56000
1770817134123 1719.12109375 56800
1770817231145 1718.248779296875 57600
1770817325804 1726.1849365234375 58400
1770817422679 1726.4132080078125 59200
1770817518879 1720.810791015625 60000
1770817618448 1722.5057373046875 60800
1770817713240 1705.190673828125 61600
1770817809892 1715.890869140625 62400
1770817906773 1712.963623046875 63200
1770818006363 1717.955078125 64000
1770818104430 1724.3961181640625 64800
1770818205370 1711.224365234375 65600
1770818302037 1723.102294921875 66400
1770818398411 1716.26123046875 67200
1770818495264 1739.6419677734375 68000
1770818595287 1746.0845947265625 68800
1770818695145 1725.712890625 69600
1770818792122 1713.6815185546875 70400
1770818888920 1720.748779296875 71200
1770818988852 1732.6595458984375 72000
1770819088924 1709.6046142578125 72800
1770819189183 1711.497314453125 73600
1770819286085 1722.88525390625 74400
1770819383356 1704.8265380859375 75200
1770819479918 1723.341064453125 76000
1770819577419 1712.252685546875 76800
1770819674751 1713.91796875 77600
1770819771683 1706.9017333984375 78400
1770819868899 1713.3472900390625 79200
1770819965867 1716.2825927734375 80000
1770820063933 1725.53515625 80800
1770820161052 1755.884765625 81600
1770820258299 1710.2652587890625 82400
1770820356504 1705.828857421875 83200
1770820453821 1720.3822021484375 84000
1770820549500 1712.60498046875 84800
1770820650184 1710.8343505859375 85600
1770820750529 1724.795654296875 86400
1770820848127 1712.76416015625 87200
1770820948902 1712.7928466796875 88000
1770821044549 1692.26806640625 88800
1770821141475 1694.871337890625 89600
1770821239261 1705.9493408203125 90400
1770821336684 1710.4573974609375 91200
1770821435240 1696.741943359375 92000
1770821535754 1701.74853515625 92800
1770821636839 1703.7886962890625 93600
1770821734534 1695.8433837890625 94400
1770821831878 1704.1298828125 95200
1770821932344 1707.7962646484375 96000
1770822030839 1701.0975341796875 96800
1770822128620 1694.5057373046875 97600
1770822226661 1707.9058837890625 98400
1770822323017 1701.9207763671875 99200
1770822420597 1715.1986083984375 100000
