1770810448025 28.25225067138672 800
1770810541858 27.669544219970703 1600
1770810636719 27.418052673339844 2400
1770810731220 26.701108932495117 3200
1770810824126 25.816164016723633 4000
1770810918952 25.96823501586914 4800
1770811015257 25.35684585571289 5600
1770811108309 25.51206398010254 6400
1770811203040 24.795366287231445 7200
1770811298697 24.48592758178711 8000
1770811391846 25.391098022460938 8800
1770811486952 24.659772872924805 9600
1770811582800 24.82593536376953 10400
1770811675830 25.581069946289062 11200
1770811770371 24.94040298461914 12000
1770811865296 24.970638275146484 12800
1770811960088 24.81627655029297 13600
1770812054770 24.75918197631836 14400
1770812149805 24.974761962890625 15200
1770812245954 24.95227813720703 16000
1770812344130 24.94804573059082 16800
1770812438969 25.362844467163086 17600
1770812534003 25.59357261657715 18400
1770812629207 25.23797607421875 19200
1770812727539 25.508092880249023 20000
1770812820866 26.104991912841797 20800
1770812914031 25.704683303833008 21600
1770813010029 26.005634307861328 22400
1770813105961 25.462533950805664 23200
1770813201972 26.432226181030273 24000
1770813297466 25.78971290588379 24800
1770813391009 25.545799255371094 25600
1770813486340 26.01841163635254 26400
1770813581635 25.618385314941406 27200
1770813677251 26.336400985717773 28000
1770813772253 26.170427322387695 28800
1770813865949 26.011024475097656 29600
1770813959791 25.725383758544922 30400
1770814055309 25.57418441772461 31200
1770814150864 25.60941505432129 32000
1770814246432 25.08445167541504 32800
1770814342115 25.657840728759766 33600
1770814437755 25.16667938232422 34400
1770814533408 25.796472549438477 35200
1770814628836 25.39198112487793 36000
1770814723210 25.241741180419922 36800
1770814817074 25.879806518554688 37600
1770814912630 25.727109909057617 38400
1770815008452 26.10491371154785 39200
1770815105123 25.908496856689453 40000
1770815201782 25.9408016204834 40800
1770815302078 25.86087989807129 41600
1770815397785 25.650650024414062 42400
1770815496754 25.934885025024414 43200
1770815592503 25.585222244262695 44000
1770815686610 25.980924606323242 44800
1770815782493 25.8459529876709 45600
1770815881716 25.651962280273438 46400
1770815977763 25.479337692260742 47200
1770816073567 26.087779998779297 48000
1770816169601 25.9046688079834 48800
1770816265600 25.95308494567871 49600
1770816361761 25.560230255126953 50400
1770816458099 25.64375114440918 51200
1770816554224 26.147573471069336 52000
1770816653296 25.501577377319336 52800
1770816747966 25.83759117126465 53600
1770816844286 25.739391326904297 54400
1770816940247 26.130542755126953 55200
1770817037719 25.32906150817871 56000
1770817134123 25.65977668762207 56800
1770817231145 25.695716857910156 57600
1770817325804 25.492891311645508 58400
1770817422679 25.338668823242188 59200
1770817518879 25.6014347076416 60000
1770817618448 25.665019989013672 60800
1770817713240 26.10133171081543 61600
1770817809892 25.825414657592773 62400
1770817906773 25.823198318481445 63200
1770818006363 25.527667999267578 64000
1770818104430 25.351625442504883 64800
1770818205370 25.718931198120117 65600
1770818302037 25.49613380432129 66400
1770818398411 25.59295654296875 67200
1770818495264 25.238433837890625 68000
1770818595287 25.26842498779297 68800
1770818695145 25.54296112060547 69600
1770818792122 25.79847526550293 70400
1770818888920 25.66246795654297 71200
1770818988852 25.58249855041504 72000
1770819088924 26.327394485473633 72800
1770819189183 25.889495849609375 73600
1770819286085 25.59789276123047 74400
1770819383356 26.228490829467773 75200
1770819479918 25.44035530090332 76000
1770819577419 25.950176239013672 76800
1770819674751 25.851125717163086 77600
1770819771683 25.91345977783203 78400
1770819868899 25.6196231842041 79200
1770819965867 25.704648971557617 80000
1770820063933 25.291641235351562 80800
1770820161052 24.844940185546875 81600
1770820258299 25.57285499572754 82400
1770820356504 25.801971435546875 83200
1770820453821 25.1999454498291 84000
1770820549500 25.424787521362305 84800
1770820650184 25.689922332763672 85600
1770820750529 25.413251876831055 86400
1770820848127 25.549034118652344 87200
1770820948902 25.305465698242188 88000
1770821044549 25.535181045532227 88800
1770821141475 25.71552276611328 89600
1770821239261 25.496400833129883 90400
1770821336684 25.262306213378906 91200
1770821435240 25.744537353515625 92000
1770821535754 25.604408264160156 92800
1770821636839 25.375804901123047 93600
1770821734534 25.602481842041016 94400
1770821831878 25.419233322143555 95200
1770821932344 25.424325942993164 96000
1770822030839 25.562854766845703 96800
1770822128620 25.833337783813477 97600
1770822226661 25.63235855102539 98400
1770822323017 25.712427139282227 99200
1770822420597 25.49513053894043 100000
