1770810448025 99.86737823486328 800
1770810541858 99.8665771484375 1600
1770810636719 99.86605834960938 2400
1770810731220 99.86518096923828 3200
1770810824126 99.86418151855469 4000
1770810918952 99.86381530761719 4800
1770811015257 99.86284637451172 5600
1770811108309 99.86219787597656 6400
1770811203040 99.86148071289062 7200
1770811298697 99.86112976074219 8000
1770811391846 99.86068725585938 8800
1770811486952 99.86016845703125 9600
1770811582800 99.85970306396484 10400
1770811675830 99.8597412109375 11200
1770811770371 99.85869598388672 12000
1770811865296 99.8582992553711 12800
1770811960088 99.85797119140625 13600
1770812054770 99.85787963867188 14400
1770812149805 99.85814666748047 15200
1770812245954 99.85759735107422 16000
1770812344130 99.8573989868164 16800
1770812438969 99.85748291015625 17600
1770812534003 99.85757446289062 18400
1770812629207 99.85752868652344 19200
1770812727539 99.85758972167969 20000
1770812820866 99.85742950439453 20800
1770812914031 99.85738372802734 21600
1770813010029 99.85741424560547 22400
1770813105961 99.85750579833984 23200
1770813201972 99.85770416259766 24000
1770813297466 99.85763549804688 24800
1770813391009 99.85745239257812 25600
1770813486340 99.85723876953125 26400
1770813581635 99.85688018798828 27200
1770813677251 99.85693359375 28000
1770813772253 99.85682678222656 28800
1770813865949 99.8566665649414 29600
1770813959791 99.85663604736328 30400
1770814055309 99.85658264160156 31200
1770814150864 99.85701751708984 32000
1770814246432 99.85645294189453 32800
1770814342115 99.85748291015625 33600
1770814437755 99.85758972167969 34400
1770814533408 99.85762023925781 35200
1770814628836 99.85758972167969 36000
1770814723210 99.85729217529297 36800
1770814817074 99.8571548461914 37600
1770814912630 99.85751342773438 38400
1770815008452 99.85726165771484 39200
1770815105123 99.85718536376953 40000
1770815201782 99.85734558105469 40800
1770815302078 99.85726165771484 41600
1770815397785 99.85711669921875 42400
1770815496754 99.85758972167969 43200
1770815592503 99.85762023925781 44000
1770815686610 99.8572998046875 44800
1770815782493 99.85717010498047 45600
1770815881716 99.85738372802734 46400
1770815977763 99.85724639892578 47200
1770816073567 99.85736083984375 48000
1770816169601 99.85720825195312 48800
1770816265600 99.8569107055664 49600
1770816361761 99.85685729980469 50400
1770816458099 99.85723876953125 51200
1770816554224 99.85690307617188 52000
1770816653296 99.8561782836914 52800
1770816747966 99.85663604736328 53600
1770816844286 99.85685729980469 54400
1770816940247 99.85652923583984 55200
1770817037719 99.85633850097656 56000
1770817134123 99.85672760009766 56800
1770817231145 99.85657501220703 57600
1770817325804 99.85626983642578 58400
1770817422679 99.85639953613281 59200
1770817518879 99.85646057128906 60000
1770817618448 99.85665893554688 60800
1770817713240 99.85688018798828 61600
1770817809892 99.85620880126953 62400
1770817906773 99.8564682006836 63200
1770818006363 99.85636901855469 64000
1770818104430 99.8565673828125 64800
1770818205370 99.85673522949219 65600
1770818302037 99.8565673828125 66400
1770818398411 99.85652160644531 67200
1770818495264 99.85580444335938 68000
1770818595287 99.855712890625 68800
1770818695145 99.8564453125 69600
1770818792122 99.85652923583984 70400
1770818888920 99.8565444946289 71200
1770818988852 99.85588073730469 72000
1770819088924 99.8562240600586 72800
1770819189183 99.85574340820312 73600
1770819286085 99.85521697998047 74400
1770819383356 99.8559799194336 75200
1770819479918 99.85503387451172 76000
1770819577419 99.8554916381836 76800
1770819674751 99.85546112060547 77600
1770819771683 99.85566711425781 78400
1770819868899 99.85521697998047 79200
1770819965867 99.85502624511719 80000
1770820063933 99.85497283935547 80800
1770820161052 99.85491180419922 81600
1770820258299 99.8557357788086 82400
1770820356504 99.85572052001953 83200
1770820453821 99.85494995117188 84000
1770820549500 99.85533905029297 84800
1770820650184 99.8554458618164 85600
1770820750529 99.8553466796875 86400
1770820848127 99.85493469238281 87200
1770820948902 99.85486602783203 88000
1770821044549 99.8553695678711 88800
1770821141475 99.85484313964844 89600
1770821239261 99.85462188720703 90400
1770821336684 99.85467529296875 91200
1770821435240 99.85521697998047 92000
1770821535754 99.85514831542969 92800
1770821636839 99.85521697998047 93600
1770821734534 99.8550796508789 94400
1770821831878 99.85462951660156 95200
1770821932344 99.8543701171875 96000
1770822030839 99.85447692871094 96800
1770822128620 99.8543472290039 97600
1770822226661 99.85450744628906 98400
1770822323017 99.85472869873047 99200
1770822420597 99.85443115234375 100000
