1770810448025 3.2960870866488117 800
1770810541858 2.968507557822194 1600
1770810636719 2.73019372308349 2400
1770810731220 2.678032435581781 3200
1770810824126 2.7213018039595713 4000
1770810918952 2.525305884949094 4800
1770811015257 2.55716339382386 5600
1770811108309 2.4527198849462177 6400
1770811203040 2.5574052933354863 7200
1770811298697 2.558571060171679 8000
1770811391846 2.344008132162128 8800
1770811486952 2.449540893368722 9600
1770811582800 2.3892988604251197 10400
1770811675830 2.234448816286278 11200
1770811770371 2.3886414996190046 12000
1770811865296 2.417807468887573 12800
1770811960088 2.443286777622376 13600
1770812054770 2.4383399400125403 14400
1770812149805 2.384503451886428 15200
1770812245954 2.3795397951245234 16000
1770812344130 2.4034672069217886 16800
1770812438969 2.319525431619353 17600
1770812534003 2.286272447366564 18400
1770812629207 2.364719722048854 19200
1770812727539 2.3460997538366306 20000
1770812820866 2.259100795922535 20800
1770812914031 2.3050283693305875 21600
1770813010029 2.2256403892488614 22400
1770813105961 2.310641081296155 23200
1770813201972 2.149063505342108 24000
1770813297466 2.2666216621224935 24800
1770813391009 2.2938578635571836 25600
1770813486340 2.203938262300505 26400
1770813581635 2.2753055016504367 27200
1770813677251 2.1645829817096462 28000
1770813772253 2.201846534639151 28800
1770813865949 2.2073414268090565 29600
1770813959791 2.2341569466795566 30400
1770814055309 2.2614039262299674 31200
1770814150864 2.2645570475873673 32000
1770814246432 2.3980040776062577 32800
1770814342115 2.260883151914221 33600
1770814437755 2.343797401633045 34400
1770814533408 2.238449927024322 35200
1770814628836 2.3230013874692292 36000
1770814723210 2.339221497237077 36800
1770814817074 2.201932090731961 37600
1770814912630 2.2101928533406734 38400
1770815008452 2.1775796345916825 39200
1770815105123 2.222708035143693 40000
1770815201782 2.2195782362670466 40800
1770815302078 2.217995508550357 41600
1770815397785 2.2830062720611455 42400
1770815496754 2.2259532183109556 43200
1770815592503 2.2844362877910322 44000
1770815686610 2.20825292772476 44800
1770815782493 2.211297332743106 45600
1770815881716 2.261799947970799 46400
1770815977763 2.31384125778731 47200
1770816073567 2.193207765810718 48000
1770816169601 2.247795040379828 48800
1770816265600 2.2002316347586977 49600
1770816361761 2.2526146380286862 50400
1770816458099 2.230982317206262 51200
1770816554224 2.146896146398762 52000
1770816653296 2.293058604079596 52800
1770816747966 2.216881102617992 53600
1770816844286 2.2249078622171723 54400
1770816940247 2.152855836623683 55200
1770817037719 2.324518180203987 56000
1770817134123 2.2489074035801466 56800
1770817231145 2.2255182904998705 57600
1770817325804 2.2873419221048 58400
1770817422679 2.3241962484025183 59200
1770817518879 2.261105392350938 60000
1770817618448 2.2723732718564538 60800
1770817713240 2.137403973060705 61600
1770817809892 2.208796585775042 62400
1770817906773 2.2160229237562477 63200
1770818006363 2.272756751869717 64000
1770818104430 2.3473201591302923 64800
1770818205370 2.2322366350237552 65600
1770818302037 2.3263580643724104 66400
1770818398411 2.285236976395518 67200
1770818495264 2.4272277398670274 68000
1770818595287 2.444794695260832 68800
1770818695145 2.338751660434439 69600
1770818792122 2.2445506868989398 70400
1770818888920 2.2954525772049266 71200
1770818988852 2.3438082228199884 72000
1770819088924 2.151391242468138 72800
1770819189183 2.205260400961044 73600
1770819286085 2.2854653168777843 74400
1770819383356 2.1485364738811232 75200
1770819479918 2.3189676896734706 76000
1770819577419 2.209187480337733 76800
1770819674751 2.227816696922665 77600
1770819771683 2.19846596552735 78400
1770819868899 2.2658463234543387 79200
1770819965867 2.2595039729356836 80000
1770820063933 2.352918759342206 80800
1770820161052 2.549751170898924 81600
1770820258299 2.2694505627145904 82400
1770820356504 2.222685733098735 83200
1770820453821 2.348351260177452 84000
1770820549500 2.2936104278933245 84800
1770820650184 2.256012689108509 85600
1770820750529 2.348155889216194 86400
1770820848127 2.2741930546440376 87200
1770820948902 2.308036791143453 88000
1770821044549 2.1912289549088486 88800
1770821141475 2.159036417861782 89600
1770821239261 2.230776986506838 90400
1770821336684 2.277111685318723 91200
1770821435240 2.16454503860716 92000
1770821535754 2.2138111233726985 92800
1770821636839 2.250556188662544 93600
1770821734534 2.1868773859020965 94400
1770821831878 2.247447712971893 95200
1770821932344 2.2594233818878156 96000
1770822030839 2.211777041790323 96800
1770822128620 2.144542889168014 97600
1770822226661 2.2473143666627315 98400
1770822323017 2.215564738959952 99200
1770822420597 2.2906310029432047 100000
