1770810448025 32.48120880126953 800
1770810541858 31.452421188354492 1600
1770810636719 30.699230194091797 2400
1770810731220 30.1147518157959 3200
1770810824126 29.697349548339844 4000
1770810918952 29.167682647705078 4800
1770811015257 29.007909774780273 5600
1770811108309 28.832080841064453 6400
1770811203040 28.686511993408203 7200
1770811298697 28.568796157836914 8000
1770811391846 28.55683135986328 8800
1770811486952 28.559534072875977 9600
1770811582800 28.58367919921875 10400
1770811675830 28.69523048400879 11200
1770811770371 28.900197982788086 12000
1770811865296 28.926475524902344 12800
1770811960088 28.949317932128906 13600
1770812054770 28.97921371459961 14400
1770812149805 28.818918228149414 15200
1770812245954 28.85961151123047 16000
1770812344130 29.045787811279297 16800
1770812438969 29.05883026123047 17600
1770812534003 29.088960647583008 18400
1770812629207 29.08258819580078 19200
1770812727539 29.101884841918945 20000
1770812820866 29.239336013793945 20800
1770812914031 29.338668823242188 21600
1770813010029 29.343408584594727 22400
1770813105961 29.233545303344727 23200
1770813201972 29.259132385253906 24000
1770813297466 29.17334747314453 24800
1770813391009 29.150388717651367 25600
1770813486340 29.181793212890625 26400
1770813581635 29.284658432006836 27200
1770813677251 29.402942657470703 28000
1770813772253 29.46089744567871 28800
1770813865949 29.45790672302246 29600
1770813959791 29.401514053344727 30400
1770814055309 29.50228500366211 31200
1770814150864 29.36837387084961 32000
1770814246432 29.512725830078125 32800
1770814342115 29.18156623840332 33600
1770814437755 29.112773895263672 34400
1770814533408 29.171201705932617 35200
1770814628836 29.19618797302246 36000
1770814723210 29.277467727661133 36800
1770814817074 29.276195526123047 37600
1770814912630 29.12953758239746 38400
1770815008452 29.34314727783203 39200
1770815105123 29.34365463256836 40000
1770815201782 29.28975486755371 40800
1770815302078 29.267654418945312 41600
1770815397785 29.41736602783203 42400
1770815496754 29.3922119140625 43200
1770815592503 29.313846588134766 44000
1770815686610 29.46973419189453 44800
1770815782493 29.48280143737793 45600
1770815881716 29.42268180847168 46400
1770815977763 29.452489852905273 47200
1770816073567 29.40880012512207 48000
1770816169601 29.52402114868164 48800
1770816265600 29.57151985168457 49600
1770816361761 29.46470069885254 50400
1770816458099 29.3255615234375 51200
1770816554224 29.445093154907227 52000
1770816653296 29.602907180786133 52800
1770816747966 29.46095848083496 53600
1770816844286 29.342857360839844 54400
1770816940247 29.50444984436035 55200
1770817037719 29.516918182373047 56000
1770817134123 29.33750343322754 56800
1770817231145 29.376646041870117 57600
1770817325804 29.513044357299805 58400
1770817422679 29.456212997436523 59200
1770817518879 29.438899993896484 60000
1770817618448 29.36178207397461 60800
1770817713240 29.173648834228516 61600
1770817809892 29.46060562133789 62400
1770817906773 29.393436431884766 63200
1770818006363 29.358304977416992 64000
1770818104430 29.36939239501953 64800
1770818205370 29.2564640045166 65600
1770818302037 29.404582977294922 66400
1770818398411 29.314599990844727 67200
1770818495264 29.675859451293945 68000
1770818595287 29.814979553222656 68800
1770818695145 29.457841873168945 69600
1770818792122 29.35335350036621 70400
1770818888920 29.397197723388672 71200
1770818988852 29.62423324584961 72000
1770819088924 29.4456729888916 72800
1770819189183 29.475664138793945 73600
1770819286085 29.67369270324707 74400
1770819383356 29.41892433166504 75200
1770819479918 29.71092987060547 76000
1770819577419 29.56087875366211 76800
1770819674751 29.60202980041504 77600
1770819771683 29.51366424560547 78400
1770819868899 29.631385803222656 79200
1770819965867 29.6937313079834 80000
1770820063933 29.636852264404297 80800
1770820161052 29.931053161621094 81600
1770820258299 29.380104064941406 82400
1770820356504 29.378662109375 83200
1770820453821 29.56941032409668 84000
1770820549500 29.425216674804688 84800
1770820650184 29.436906814575195 85600
1770820750529 29.58751678466797 86400
1770820848127 29.53913116455078 87200
1770820948902 29.48790740966797 88000
1770821044549 29.154747009277344 88800
1770821141475 29.29611587524414 89600
1770821239261 29.42144203186035 90400
1770821336684 29.378328323364258 91200
1770821435240 29.25700569152832 92000
1770821535754 29.30707550048828 92800
1770821636839 29.239688873291016 93600
1770821734534 29.1849365234375 94400
1770821831878 29.354143142700195 95200
1770821932344 29.49366569519043 96000
1770822030839 29.405864715576172 96800
1770822128620 29.4093074798584 97600
1770822226661 29.454042434692383 98400
1770822323017 29.32566261291504 99200
1770822420597 29.534650802612305 100000
