1770810448025 99.82637023925781 800
1770810541858 99.82615661621094 1600
1770810636719 99.82598114013672 2400
1770810731220 99.82707977294922 3200
1770810824126 99.82865142822266 4000
1770810918952 99.82756042480469 4800
1770811015257 99.82949829101562 5600
1770811108309 99.82840728759766 6400
1770811203040 99.82850646972656 7200
1770811298697 99.82955169677734 8000
1770811391846 99.82625579833984 8800
1770811486952 99.82857513427734 9600
1770811582800 99.82747650146484 10400
1770811675830 99.82606506347656 11200
1770811770371 99.82655334472656 12000
1770811865296 99.82341766357422 12800
1770811960088 99.82304382324219 13600
1770812054770 99.8233642578125 14400
1770812149805 99.82205963134766 15200
1770812245954 99.82121276855469 16000
1770812344130 99.82115936279297 16800
1770812438969 99.81957244873047 17600
1770812534003 99.81812286376953 18400
1770812629207 99.8183364868164 19200
1770812727539 99.81565856933594 20000
1770812820866 99.81429290771484 20800
1770812914031 99.81715393066406 21600
1770813010029 99.81708526611328 22400
1770813105961 99.8182144165039 23200
1770813201972 99.8147964477539 24000
1770813297466 99.81541442871094 24800
1770813391009 99.81664276123047 25600
1770813486340 99.81505584716797 26400
1770813581635 99.81607818603516 27200
1770813677251 99.81385803222656 28000
1770813772253 99.81363677978516 28800
1770813865949 99.81523895263672 29600
1770813959791 99.81698608398438 30400
1770814055309 99.81800079345703 31200
1770814150864 99.8170394897461 32000
1770814246432 99.8176040649414 32800
1770814342115 99.8149185180664 33600
1770814437755 99.81658172607422 34400
1770814533408 99.81404876708984 35200
1770814628836 99.81529998779297 36000
1770814723210 99.81620025634766 36800
1770814817074 99.81446075439453 37600
1770814912630 99.81458282470703 38400
1770815008452 99.81332397460938 39200
1770815105123 99.8130111694336 40000
1770815201782 99.8121109008789 40800
1770815302078 99.81246185302734 41600
1770815397785 99.81295776367188 42400
1770815496754 99.81291198730469 43200
1770815592503 99.81364440917969 44000
1770815686610 99.81331634521484 44800
1770815782493 99.81478118896484 45600
1770815881716 99.8142318725586 46400
1770815977763 99.81439208984375 47200
1770816073567 99.81182861328125 48000
1770816169601 99.81222534179688 48800
1770816265600 99.813232421875 49600
1770816361761 99.81436920166016 50400
1770816458099 99.81332397460938 51200
1770816554224 99.81217193603516 52000
1770816653296 99.81353759765625 52800
1770816747966 99.81175231933594 53600
1770816844286 99.8116683959961 54400
1770816940247 99.81099700927734 55200
1770817037719 99.8127212524414 56000
1770817134123 99.81060028076172 56800
1770817231145 99.81103515625 57600
1770817325804 99.8114013671875 58400
1770817422679 99.81128692626953 59200
1770817518879 99.81060791015625 60000
1770817618448 99.80874633789062 60800
1770817713240 99.80870056152344 61600
1770817809892 99.81011962890625 62400
1770817906773 99.80990600585938 63200
1770818006363 99.81023406982422 64000
1770818104430 99.80992889404297 64800
1770818205370 99.80937957763672 65600
1770818302037 99.80882263183594 66400
1770818398411 99.80791473388672 67200
1770818495264 99.80843353271484 68000
1770818595287 99.8085708618164 68800
1770818695145 99.8073501586914 69600
1770818792122 99.80693054199219 70400
1770818888920 99.80619812011719 71200
1770818988852 99.8060531616211 72000
1770819088924 99.80430603027344 72800
1770819189183 99.80632019042969 73600
1770819286085 99.80726623535156 74400
1770819383356 99.80477142333984 75200
1770819479918 99.8071060180664 76000
1770819577419 99.80460357666016 76800
1770819674751 99.80501556396484 77600
1770819771683 99.80509948730469 78400
1770819868899 99.80616760253906 79200
1770819965867 99.80557250976562 80000
1770820063933 99.80592346191406 80800
1770820161052 99.80693054199219 81600
1770820258299 99.80447387695312 82400
1770820356504 99.8033218383789 83200
1770820453821 99.80650329589844 84000
1770820549500 99.80558013916016 84800
1770820650184 99.80416870117188 85600
1770820750529 99.80481719970703 86400
1770820848127 99.80529022216797 87200
1770820948902 99.80624389648438 88000
1770821044549 99.80595397949219 88800
1770821141475 99.80548858642578 89600
1770821239261 99.80561828613281 90400
1770821336684 99.80589294433594 91200
1770821435240 99.80489349365234 92000
1770821535754 99.8045883178711 92800
1770821636839 99.80558013916016 93600
1770821734534 99.80447387695312 94400
1770821831878 99.80506896972656 95200
1770821932344 99.80572509765625 96000
1770822030839 99.80547332763672 96800
1770822128620 99.80492401123047 97600
1770822226661 99.8036117553711 98400
1770822323017 99.80314636230469 99200
1770822420597 99.80423736572266 100000
