1770810448025 86440.03125 800
1770810541858 83726.4140625 1600
1770810636719 81222.671875 2400
1770810731220 79565.3359375 3200
1770810824126 78609.34375 4000
1770810918952 75578.84375 4800
1770811015257 74751.0703125 5600
1770811108309 72575.40625 6400
1770811203040 72302.9375 7200
1770811298697 71168.71875 8000
1770811391846 68197.046875 8800
1770811486952 67865.8203125 9600
1770811582800 66557.453125 10400
1770811675830 64308.09765625 11200
1770811770371 65102.1640625 12000
1770811865296 65550.6953125 12800
1770811960088 65235.09375 13600
1770812054770 64714.984375 14400
1770812149805 64651.765625 15200
1770812245954 63730.265625 16000
1770812344130 63151.53125 16800
1770812438969 62166.97265625 17600
1770812534003 61666.0859375 18400
1770812629207 62336.6328125 19200
1770812727539 62454.48046875 20000
1770812820866 61262.765625 20800
1770812914031 60639.2265625 21600
1770813010029 59502.890625 22400
1770813105961 60420.3984375 23200
1770813201972 59241.421875 24000
1770813297466 60883.0390625 24800
1770813391009 61085.453125 25600
1770813486340 60283.6875 26400
1770813581635 60458.703125 27200
1770813677251 59217.875 28000
1770813772253 59477.046875 28800
1770813865949 59535.25 29600
1770813959791 59861.1875 30400
1770814055309 59587.9375 31200
1770814150864 60291.703125 32000
1770814246432 61535.6328125 32800
1770814342115 61137.1328125 33600
1770814437755 62263.359375 34400
1770814533408 61079.6171875 35200
1770814628836 61879.3046875 36000
1770814723210 61706.91015625 36800
1770814817074 60120.4140625 37600
1770814912630 60342.84375 38400
1770815008452 59669.1796875 39200
1770815105123 60443.5859375 40000
1770815201782 60354.625 40800
1770815302078 60142.59375 41600
1770815397785 60504.5 42400
1770815496754 59973.7890625 43200
1770815592503 60619.28125 44000
1770815686610 59269.8359375 44800
1770815782493 58923.1484375 45600
1770815881716 60115.5078125 46400
1770815977763 61154.5 47200
1770816073567 59656.4921875 48000
1770816169601 60393.4765625 48800
1770816265600 59235.671875 49600
1770816361761 59937.7578125 50400
1770816458099 60063.9375 51200
1770816554224 58800.0234375 52000
1770816653296 60125.015625 52800
1770816747966 59655.3046875 53600
1770816844286 60113.5546875 54400
1770816940247 58576.484375 55200
1770817037719 60801.7578125 56000
1770817134123 60213.28125 56800
1770817231145 59576.7734375 57600
1770817325804 60013.0546875 58400
1770817422679 60875.5 59200
1770817518879 60115.5390625 60000
1770817618448 60633.359375 60800
1770817713240 59385.4296875 61600
1770817809892 59616.6640625 62400
1770817906773 60111.9140625 63200
1770818006363 60597.6640625 64000
1770818104430 62323.8125 64800
1770818205370 60700.859375 65600
1770818302037 61903.30078125 66400
1770818398411 61284.25 67200
1770818495264 62572.30859375 68000
1770818595287 62596.015625 68800
1770818695145 62115.125 69600
1770818792122 60901.125 70400
1770818888920 61435.98828125 71200
1770818988852 61424.34375 72000
1770819088924 59713.3828125 72800
1770819189183 59769.1171875 73600
1770819286085 60201.859375 74400
1770819383356 59465.3984375 75200
1770819479918 60913.328125 76000
1770819577419 60067.5546875 76800
1770819674751 60321.8125 77600
1770819771683 60145.28125 78400
1770819868899 60710.703125 79200
1770819965867 60606.3671875 80000
1770820063933 61920.453125 80800
1770820161052 64548.30859375 81600
1770820258299 61662.3984375 82400
1770820356504 61249.640625 83200
1770820453821 62217.12109375 84000
1770820549500 61864.37890625 84800
1770820650184 61629.6484375 85600
1770820750529 62438.55859375 86400
1770820848127 61353.2734375 87200
1770820948902 61968.09375 88000
1770821044549 60764.2890625 88800
1770821141475 59920.9765625 89600
1770821239261 60727.15625 90400
1770821336684 61248.1640625 91200
1770821435240 60329.8046875 92000
1770821535754 61079.5390625 92800
1770821636839 61480.71484375 93600
1770821734534 60587.3203125 94400
1770821831878 61307.8671875 95200
1770821932344 61356.0 96000
1770822030839 60856.921875 96800
1770822128620 59861.6484375 97600
1770822226661 61674.71875 98400
1770822323017 61794.58984375 99200
1770822420597 62486.203125 100000
