1770810448025 0.996860921382904 800
1770810541858 0.9971409440040588 1600
1770810636719 0.9967893362045288 2400
1770810731220 0.9960253238677979 3200
1770810824126 0.9946274757385254 4000
1770810918952 0.9930709600448608 4800
1770811015257 0.9917888045310974 5600
1770811108309 0.9897037744522095 6400
1770811203040 0.9880800247192383 7200
1770811298697 0.987114667892456 8000
1770811391846 0.9859991669654846 8800
1770811486952 0.9844945669174194 9600
1770811582800 0.9836482405662537 10400
1770811675830 0.9828830361366272 11200
1770811770371 0.9809988737106323 12000
1770811865296 0.9807752966880798 12800
1770811960088 0.9803808331489563 13600
1770812054770 0.9795318245887756 14400
1770812149805 0.9787853956222534 15200
1770812245954 0.977820098400116 16000
1770812344130 0.9769620895385742 16800
1770812438969 0.9763747453689575 17600
1770812534003 0.9758233428001404 18400
1770812629207 0.9754608273506165 19200
1770812727539 0.9748420715332031 20000
1770812820866 0.9737674593925476 20800
1770812914031 0.9733805656433105 21600
1770813010029 0.9733872413635254 22400
1770813105961 0.9731472730636597 23200
1770813201972 0.9726957678794861 24000
1770813297466 0.9724423885345459 24800
1770813391009 0.9719074368476868 25600
1770813486340 0.9719005823135376 26400
1770813581635 0.9716197848320007 27200
1770813677251 0.9711477160453796 28000
1770813772253 0.9708104133605957 28800
1770813865949 0.9706944823265076 29600
1770813959791 0.9703409075737 30400
1770814055309 0.969630777835846 31200
1770814150864 0.9694818258285522 32000
1770814246432 0.9692233204841614 32800
1770814342115 0.9694409966468811 33600
1770814437755 0.9695048332214355 34400
1770814533408 0.9690744280815125 35200
1770814628836 0.9687777757644653 36000
1770814723210 0.9687502384185791 36800
1770814817074 0.9681471586227417 37600
1770814912630 0.9683572053909302 38400
1770815008452 0.9678528308868408 39200
1770815105123 0.9677727818489075 40000
1770815201782 0.9675536751747131 40800
1770815302078 0.9674007892608643 41600
1770815397785 0.9672237038612366 42400
1770815496754 0.9669223427772522 43200
1770815592503 0.9667509198188782 44000
1770815686610 0.9659382104873657 44800
1770815782493 0.9658311605453491 45600
1770815881716 0.9660342931747437 46400
1770815977763 0.965812087059021 47200
1770816073567 0.965275228023529 48000
1770816169601 0.9649214148521423 48800
1770816265600 0.965303897857666 49600
1770816361761 0.9653966426849365 50400
1770816458099 0.9655410051345825 51200
1770816554224 0.9646304845809937 52000
1770816653296 0.9639611840248108 52800
1770816747966 0.9640701413154602 53600
1770816844286 0.9642105102539062 54400
1770816940247 0.9638567566871643 55200
1770817037719 0.9639005064964294 56000
1770817134123 0.9636120200157166 56800
1770817231145 0.9633105397224426 57600
1770817325804 0.9629920721054077 58400
1770817422679 0.9629340171813965 59200
1770817518879 0.9626116752624512 60000
1770817618448 0.9619181752204895 60800
1770817713240 0.9614676833152771 61600
1770817809892 0.9611585736274719 62400
1770817906773 0.96110600233078 63200
1770818006363 0.960987389087677 64000
1770818104430 0.9607051014900208 64800
1770818205370 0.9605032801628113 65600
1770818302037 0.9604448080062866 66400
1770818398411 0.9604334831237793 67200
1770818495264 0.9602415561676025 68000
1770818595287 0.9601024389266968 68800
1770818695145 0.9597138166427612 69600
1770818792122 0.9595571756362915 70400
1770818888920 0.9595960974693298 71200
1770818988852 0.958699643611908 72000
1770819088924 0.9584977626800537 72800
1770819189183 0.9584681987762451 73600
1770819286085 0.9581128358840942 74400
1770819383356 0.9580769538879395 75200
1770819479918 0.9585798382759094 76000
1770819577419 0.9582901000976562 76800
1770819674751 0.9583200812339783 77600
1770819771683 0.9585118889808655 78400
1770819868899 0.9583115577697754 79200
1770819965867 0.957846462726593 80000
1770820063933 0.9579067230224609 80800
1770820161052 0.9578394293785095 81600
1770820258299 0.9577953219413757 82400
1770820356504 0.9580039381980896 83200
1770820453821 0.9574675559997559 84000
1770820549500 0.9572351574897766 84800
1770820650184 0.9568330645561218 85600
1770820750529 0.9566288590431213 86400
1770820848127 0.956466019153595 87200
1770820948902 0.956852376461029 88000
1770821044549 0.956748902797699 88800
1770821141475 0.9567975401878357 89600
1770821239261 0.9564638733863831 90400
1770821336684 0.9566192030906677 91200
1770821435240 0.9566869735717773 92000
1770821535754 0.9561156034469604 92800
1770821636839 0.9556980729103088 93600
1770821734534 0.9554909467697144 94400
1770821831878 0.9548528790473938 95200
1770821932344 0.9544892907142639 96000
1770822030839 0.9544146060943604 96800
1770822128620 0.9542266726493835 97600
1770822226661 0.9537468552589417 98400
1770822323017 0.9535865783691406 99200
1770822420597 0.953338086605072 100000
