1770810448025 -899.298583984375 800
1770810541858 -916.779052734375 1600
1770810636719 -924.8955078125 2400
1770810731220 -944.1425170898438 3200
1770810824126 -969.8950805664062 4000
1770810918952 -976.3048095703125 4800
1770811015257 -1005.1893920898438 5600
1770811108309 -1028.0865478515625 6400
1770811203040 -1051.4588623046875 7200
1770811298697 -1062.1634521484375 8000
1770811391846 -1068.709716796875 8800
1770811486952 -1096.4140625 9600
1770811582800 -1109.4976806640625 10400
1770811675830 -1113.017822265625 11200
1770811770371 -1145.3050537109375 12000
1770811865296 -1152.6427001953125 12800
1770811960088 -1158.4996337890625 13600
1770812054770 -1163.135009765625 14400
1770812149805 -1145.2464599609375 15200
1770812245954 -1147.420654296875 16000
1770812344130 -1167.4752197265625 16800
1770812438969 -1165.5555419921875 17600
1770812534003 -1165.1531982421875 18400
1770812629207 -1168.731201171875 19200
1770812727539 -1170.0740966796875 20000
1770812820866 -1175.003173828125 20800
1770812914031 -1183.658203125 21600
1770813010029 -1176.10009765625 22400
1770813105961 -1175.4342041015625 23200
1770813201972 -1167.40966796875 24000
1770813297466 -1173.2528076171875 24800
1770813391009 -1174.5660400390625 25600
1770813486340 -1172.529541015625 26400
1770813581635 -1184.8458251953125 27200
1770813677251 -1186.2076416015625 28000
1770813772253 -1189.487060546875 28800
1770813865949 -1191.870849609375 29600
1770813959791 -1189.5067138671875 30400
1770814055309 -1194.9144287109375 31200
1770814150864 -1189.1163330078125 32000
1770814246432 -1203.0025634765625 32800
1770814342115 -1178.6588134765625 33600
1770814437755 -1180.0076904296875 34400
1770814533408 -1179.42919921875 35200
1770814628836 -1186.1473388671875 36000
1770814723210 -1191.979248046875 36800
1770814817074 -1184.7095947265625 37600
1770814912630 -1176.8408203125 38400
1770815008452 -1189.15380859375 39200
1770815105123 -1192.622802734375 40000
1770815201782 -1191.021728515625 40800
1770815302078 -1189.65869140625 41600
1770815397785 -1203.341796875 42400
1770815496754 -1201.9381103515625 43200
1770815592503 -1195.5191650390625 44000
1770815686610 -1198.345458984375 44800
1770815782493 -1199.55419921875 45600
1770815881716 -1203.6151123046875 46400
1770815977763 -1208.73828125 47200
1770816073567 -1199.3653564453125 48000
1770816169601 -1210.9556884765625 48800
1770816265600 -1209.3992919921875 49600
1770816361761 -1204.42138671875 50400
1770816458099 -1196.614501953125 51200
1770816554224 -1197.0064697265625 52000
1770816653296 -1209.215087890625 52800
1770816747966 -1199.5611572265625 53600
1770816844286 -1195.4151611328125 54400
1770816940247 -1200.818115234375 55200
1770817037719 -1206.576416015625 56000
1770817134123 -1192.7540283203125 56800
1770817231145 -1195.44482421875 57600
1770817325804 -1205.1329345703125 58400
1770817422679 -1202.31201171875 59200
1770817518879 -1199.5106201171875 60000
1770817618448 -1189.091064453125 60800
1770817713240 -1172.6895751953125 61600
1770817809892 -1194.015380859375 62400
1770817906773 -1191.841064453125 63200
1770818006363 -1188.3380126953125 64000
1770818104430 -1188.048828125 64800
1770818205370 -1180.6075439453125 65600
1770818302037 -1190.0203857421875 66400
1770818398411 -1182.784423828125 67200
1770818495264 -1201.9312744140625 68000
1770818595287 -1209.777587890625 68800
1770818695145 -1191.3262939453125 69600
1770818792122 -1185.33203125 70400
1770818888920 -1189.69775390625 71200
1770818988852 -1200.193359375 72000
1770819088924 -1188.1131591796875 72800
1770819189183 -1190.9107666015625 73600
1770819286085 -1204.3294677734375 74400
1770819383356 -1186.319580078125 75200
1770819479918 -1209.878662109375 76000
1770819577419 -1197.123291015625 76800
1770819674751 -1200.9000244140625 77600
1770819771683 -1196.39794921875 78400
1770819868899 -1200.858154296875 79200
1770819965867 -1200.9771728515625 80000
1770820063933 -1198.6044921875 80800
1770820161052 -1212.2498779296875 81600
1770820258299 -1185.1063232421875 82400
1770820356504 -1183.126220703125 83200
1770820453821 -1189.6181640625 84000
1770820549500 -1181.8414306640625 84800
1770820650184 -1185.9053955078125 85600
1770820750529 -1196.598876953125 86400
1770820848127 -1191.8101806640625 87200
1770820948902 -1190.0970458984375 88000
1770821044549 -1169.2286376953125 88800
1770821141475 -1176.26171875 89600
1770821239261 -1188.2821044921875 90400
1770821336684 -1188.4105224609375 91200
1770821435240 -1182.4228515625 92000
1770821535754 -1182.1658935546875 92800
1770821636839 -1177.8289794921875 93600
1770821734534 -1171.26220703125 94400
1770821831878 -1181.5238037109375 95200
1770821932344 -1192.19970703125 96000
1770822030839 -1187.2396240234375 96800
1770822128620 -1184.9481201171875 97600
1770822226661 -1185.2054443359375 98400
1770822323017 -1178.0604248046875 99200
1770822420597 -1189.6580810546875 100000
