1770810448025 0.9259064197540283 800
1770810541858 0.9274737238883972 1600
1770810636719 0.9282705187797546 2400
1770810731220 0.928568959236145 3200
1770810824126 0.9287005066871643 4000
1770810918952 0.928448498249054 4800
1770811015257 0.9283779263496399 5600
1770811108309 0.9277420043945312 6400
1770811203040 0.9277386665344238 7200
1770811298697 0.9273511171340942 8000
1770811391846 0.9258493781089783 8800
1770811486952 0.9258065223693848 9600
1770811582800 0.9249885678291321 10400
1770811675830 0.9233159422874451 11200
1770811770371 0.9241790175437927 12000
1770811865296 0.9245065450668335 12800
1770811960088 0.92438805103302 13600
1770812054770 0.9240979552268982 14400
1770812149805 0.9241085648536682 15200
1770812245954 0.9235852360725403 16000
1770812344130 0.9231360554695129 16800
1770812438969 0.922392725944519 17600
1770812534003 0.9221052527427673 18400
1770812629207 0.9227161407470703 19200
1770812727539 0.9228233098983765 20000
1770812820866 0.9220116138458252 20800
1770812914031 0.9215952754020691 21600
1770813010029 0.920624852180481 22400
1770813105961 0.921542763710022 23200
1770813201972 0.9204497933387756 24000
1770813297466 0.9218934178352356 24800
1770813391009 0.922136127948761 25600
1770813486340 0.9214550852775574 26400
1770813581635 0.9216652512550354 27200
1770813677251 0.9206260442733765 28000
1770813772253 0.9208678007125854 28800
1770813865949 0.9209409952163696 29600
1770813959791 0.9212803244590759 30400
1770814055309 0.9211230278015137 31200
1770814150864 0.9217647314071655 32000
1770814246432 0.9227418899536133 32800
1770814342115 0.9224979281425476 33600
1770814437755 0.9232978820800781 34400
1770814533408 0.9224563837051392 35200
1770814628836 0.9230306148529053 36000
1770814723210 0.9228389859199524 36800
1770814817074 0.9217321276664734 37600
1770814912630 0.9220421314239502 38400
1770815008452 0.9214231967926025 39200
1770815105123 0.9220064282417297 40000
1770815201782 0.9220452308654785 40800
1770815302078 0.9219208359718323 41600
1770815397785 0.9222131967544556 42400
1770815496754 0.9217733144760132 43200
1770815592503 0.9223642349243164 44000
1770815686610 0.9214057922363281 44800
1770815782493 0.9211031794548035 45600
1770815881716 0.9220317602157593 46400
1770815977763 0.9227573871612549 47200
1770816073567 0.9216932654380798 48000
1770816169601 0.9222174286842346 48800
1770816265600 0.9212881326675415 49600
1770816361761 0.9218510389328003 50400
1770816458099 0.9219925403594971 51200
1770816554224 0.9209704995155334 52000
1770816653296 0.9220408797264099 52800
1770816747966 0.921687662601471 53600
1770816844286 0.9220696687698364 54400
1770816940247 0.920865535736084 55200
1770817037719 0.9225466251373291 56000
1770817134123 0.9222500920295715 56800
1770817231145 0.9217426180839539 57600
1770817325804 0.9220341444015503 58400
1770817422679 0.9226582050323486 59200
1770817518879 0.9221839904785156 60000
1770817618448 0.9226738810539246 60800
1770817713240 0.9218125343322754 61600
1770817809892 0.9218647480010986 62400
1770817906773 0.9222298860549927 63200
1770818006363 0.9225954413414001 64000
1770818104430 0.923683762550354 64800
1770818205370 0.9226950407028198 65600
1770818302037 0.9234598278999329 66400
1770818398411 0.9232072234153748 67200
1770818495264 0.9237474203109741 68000
1770818595287 0.9236357808113098 68800
1770818695145 0.9236286878585815 69600
1770818792122 0.922895073890686 70400
1770818888920 0.92326420545578 71200
1770818988852 0.9231891632080078 72000
1770819088924 0.9221158027648926 72800
1770819189183 0.922160267829895 73600
1770819286085 0.9223635792732239 74400
1770819383356 0.9219954013824463 75200
1770819479918 0.9227762222290039 76000
1770819577419 0.9223077893257141 76800
1770819674751 0.9224013090133667 77600
1770819771683 0.922311544418335 78400
1770819868899 0.9226810932159424 79200
1770819965867 0.9225667715072632 80000
1770820063933 0.9233624935150146 80800
1770820161052 0.924557089805603 81600
1770820258299 0.923401951789856 82400
1770820356504 0.923114001750946 83200
1770820453821 0.9235371947288513 84000
1770820549500 0.9234603643417358 84800
1770820650184 0.9233218431472778 85600
1770820750529 0.923699140548706 86400
1770820848127 0.9231005311012268 87200
1770820948902 0.9234066605567932 88000
1770821044549 0.9228507280349731 88800
1770821141475 0.9220934510231018 89600
1770821239261 0.9225338697433472 90400
1770821336684 0.9228814244270325 91200
1770821435240 0.9223396182060242 92000
1770821535754 0.922879159450531 92800
1770821636839 0.923172652721405 93600
1770821734534 0.9226649403572083 94400
1770821831878 0.9230459928512573 95200
1770821932344 0.9229548573493958 96000
1770822030839 0.9226701855659485 96800
1770822128620 0.9219976663589478 97600
1770822226661 0.9232262372970581 98400
1770822323017 0.9233297109603882 99200
1770822420597 0.9235657453536987 100000
