1770810448025 4923248.0 800
1770810541858 4819105.0 1600
1770810636719 4766162.0 2400
1770810731220 4746332.0 3200
1770810824126 4737592.0 4000
1770810918952 4754336.5 4800
1770811015257 4759025.0 5600
1770811108309 4801279.0 6400
1770811203040 4801500.5 7200
1770811298697 4827253.5 8000
1770811391846 4927038.5 8800
1770811486952 4929887.0 9600
1770811582800 4984235.0 10400
1770811675830 5095375.5 11200
1770811770371 5038029.5 12000
1770811865296 5016262.5 12800
1770811960088 5024139.5 13600
1770812054770 5043414.5 14400
1770812149805 5042708.0 15200
1770812245954 5077483.5 16000
1770812344130 5107328.0 16800
1770812438969 5156721.0 17600
1770812534003 5175823.0 18400
1770812629207 5135228.5 19200
1770812727539 5128111.5 20000
1770812820866 5182042.5 20800
1770812914031 5209707.0 21600
1770813010029 5274188.0 22400
1770813105961 5213195.0 23200
1770813201972 5285822.5 24000
1770813297466 5189899.0 24800
1770813391009 5173770.0 25600
1770813486340 5219022.5 26400
1770813581635 5205058.0 27200
1770813677251 5274111.0 28000
1770813772253 5258046.5 28800
1770813865949 5253182.5 29600
1770813959791 5230635.5 30400
1770814055309 5241087.0 31200
1770814150864 5198448.5 32000
1770814246432 5133518.5 32800
1770814342115 5149731.0 33600
1770814437755 5096576.5 34400
1770814533408 5152490.0 35200
1770814628836 5114335.5 36000
1770814723210 5127067.5 36800
1770814817074 5200615.0 37600
1770814912630 5180016.0 38400
1770815008452 5221144.0 39200
1770815105123 5182389.0 40000
1770815201782 5179809.5 40800
1770815302078 5188075.5 41600
1770815397785 5168650.5 42400
1770815496754 5197879.0 43200
1770815592503 5158612.0 44000
1770815686610 5222297.0 44800
1770815782493 5242406.5 45600
1770815881716 5180705.5 46400
1770815977763 5132490.0 47200
1770816073567 5203196.0 48000
1770816169601 5168366.5 48800
1770816265600 5230115.0 49600
1770816361761 5192711.5 50400
1770816458099 5183311.0 51200
1770816554224 5251221.5 52000
1770816653296 5180098.0 52800
1770816747966 5203570.0 53600
1770816844286 5178185.0 54400
1770816940247 5258197.5 55200
1770817037719 5146493.5 56000
1770817134123 5166199.0 56800
1770817231145 5199919.0 57600
1770817325804 5180545.0 58400
1770817422679 5139078.5 59200
1770817518879 5170591.0 60000
1770817618448 5138038.0 60800
1770817713240 5195270.0 61600
1770817809892 5191800.5 62400
1770817906773 5167541.0 63200
1770818006363 5143251.5 64000
1770818104430 5070937.0 64800
1770818205370 5136634.5 65600
1770818302037 5085817.0 66400
1770818398411 5102600.5 67200
1770818495264 5066703.5 68000
1770818595287 5074123.0 68800
1770818695145 5074595.0 69600
1770818792122 5123339.0 70400
1770818888920 5098814.0 71200
1770818988852 5103799.0 72000
1770819088924 5175122.0 72800
1770819189183 5172166.0 73600
1770819286085 5158656.5 74400
1770819383356 5183120.5 75200
1770819479918 5131236.5 76000
1770819577419 5162365.5 76800
1770819674751 5156149.5 77600
1770819771683 5162115.5 78400
1770819868899 5137559.0 79200
1770819965867 5145155.5 80000
1770820063933 5092281.5 80800
1770820161052 5012905.5 81600
1770820258299 5089659.5 82400
1770820356504 5108795.5 83200
1770820453821 5080674.5 84000
1770820549500 5085778.5 84800
1770820650184 5094984.5 85600
1770820750529 5069915.0 86400
1770820848127 5109688.0 87200
1770820948902 5089347.5 88000
1770821044549 5126287.0 88800
1770821141475 5176605.0 89600
1770821239261 5147342.0 90400
1770821336684 5124248.5 91200
1770821435240 5160250.0 92000
1770821535754 5124399.5 92800
1770821636839 5104898.5 93600
1770821734534 5138634.0 94400
1770821831878 5113313.0 95200
1770821932344 5119367.0 96000
1770822030839 5138284.5 96800
1770822128620 5182971.0 97600
1770822226661 5101335.5 98400
1770822323017 5094459.5 99200
1770822420597 5078778.0 100000
