1770810448025 -33948.51953125 800
1770810541858 -34608.41015625 1600
1770810636719 -34914.8046875 2400
1770810731220 -35641.37890625 3200
1770810824126 -36613.5390625 4000
1770810918952 -36855.5078125 4800
1770811015257 -37945.90234375 5600
1770811108309 -38810.26953125 6400
1770811203040 -39692.5703125 7200
1770811298697 -40096.671875 8000
1770811391846 -40343.79296875 8800
1770811486952 -41389.6328125 9600
1770811582800 -41883.53515625 10400
1770811675830 -44779.578125 11200
1770811770371 -43235.265625 12000
1770811865296 -43512.26171875 12800
1770811960088 -43733.359375 13600
1770812054770 -43908.34375 14400
1770812149805 -43264.875 15200
1770812245954 -45292.859375 16000
1770812344130 -46669.8125 16800
1770812438969 -48987.265625 17600
1770812534003 -50150.984375 18400
1770812629207 -48467.640625 19200
1770812727539 -48395.515625 20000
1770812820866 -51107.25 20800
1770812914031 -52348.90625 21600
1770813010029 -55048.734375 22400
1770813105961 -52696.21875 23200
1770813201972 -55816.953125 24000
1770813297466 -51819.484375 24800
1770813391009 -51245.375 25600
1770813486340 -53053.234375 26400
1770813581635 -52319.03125 27200
1770813677251 -55333.15625 28000
1770813772253 -54742.453125 28800
1770813865949 -54391.296875 29600
1770813959791 -53484.34375 30400
1770814055309 -54042.640625 31200
1770814150864 -52312.578125 32000
1770814246432 -48923.328125 32800
1770814342115 -50359.09375 33600
1770814437755 -47587.34375 34400
1770814533408 -50504.921875 35200
1770814628836 -48459.90625 36000
1770814723210 -48789.796875 36800
1770814817074 -52487.6875 37600
1770814912630 -51906.671875 38400
1770815008452 -53442.6875 39200
1770815105123 -51542.734375 40000
1770815201782 -51746.03125 40800
1770815302078 -52186.640625 41600
1770815397785 -51093.40625 42400
1770815496754 -52532.109375 43200
1770815592503 -50795.953125 44000
1770815686610 -53768.546875 44800
1770815782493 -54469.609375 45600
1770815881716 -51612.03125 46400
1770815977763 -48972.953125 47200
1770816073567 -52805.140625 48000
1770816169601 -50851.6875 48800
1770816265600 -53344.78125 49600
1770816361761 -51564.609375 50400
1770816458099 -51341.53125 51200
1770816554224 -54353.59375 52000
1770816653296 -50751.359375 52800
1770816747966 -52230.171875 53600
1770816844286 -51092.71875 54400
1770816940247 -54639.421875 55200
1770817037719 -48899.921875 56000
1770817134123 -50458.15625 56800
1770817231145 -51945.0 57600
1770817325804 -50537.71875 58400
1770817422679 -48432.78125 59200
1770817518879 -50295.609375 60000
1770817618448 -48984.984375 60800
1770817713240 -52193.0 61600
1770817809892 -51129.5625 62400
1770817906773 -50022.296875 63200
1770818006363 -48776.296875 64000
1770818104430 -44848.84375 64800
1770818205370 -48715.140625 65600
1770818302037 -45555.890625 66400
1770818398411 -46980.53125 67200
1770818495264 -45372.90625 68000
1770818595287 -45669.1015625 68800
1770818695145 -44972.56640625 69600
1770818792122 -47841.84375 70400
1770818888920 -46495.25 71200
1770818988852 -46093.453125 72000
1770819088924 -50645.25 72800
1770819189183 -50011.0625 73600
1770819286085 -48603.140625 74400
1770819383356 -50902.15625 75200
1770819479918 -46739.84375 76000
1770819577419 -49069.28125 76800
1770819674751 -48473.421875 77600
1770819771683 -49024.578125 78400
1770819868899 -47188.109375 79200
1770819965867 -47436.5625 80000
1770820063933 -45247.3203125 80800
1770820161052 -45762.43359375 81600
1770820258299 -45303.3125 82400
1770820356504 -46238.78125 83200
1770820453821 -44908.08203125 84000
1770820549500 -44614.51171875 84800
1770820650184 -45165.484375 85600
1770820750529 -45171.609375 86400
1770820848127 -45316.90625 87200
1770820948902 -44926.1640625 88000
1770821044549 -46983.203125 88800
1770821141475 -48813.0 89600
1770821239261 -46731.921875 90400
1770821336684 -45484.015625 91200
1770821435240 -48062.453125 92000
1770821535754 -46032.03125 92800
1770821636839 -45082.46875 93600
1770821734534 -47217.90625 94400
1770821831878 -45209.609375 95200
1770821932344 -45041.71875 96000
1770822030839 -46361.765625 96800
1770822128620 -48643.21875 97600
1770822226661 -44741.5078125 98400
1770822323017 -44471.78125 99200
1770822420597 -44909.59375 100000
