1770810448025 5.962202548980713 800
1770810541858 5.534217834472656 1600
1770810636719 4.9198431968688965 2400
1770810731220 5.938960075378418 3200
1770810824126 7.7047271728515625 4000
1770810918952 6.602915287017822 4800
1770811015257 8.380682945251465 5600
1770811108309 7.8836259841918945 6400
1770811203040 9.799222946166992 7200
1770811298697 10.877574920654297 8000
1770811391846 8.672479629516602 8800
1770811486952 11.173379898071289 9600
1770811582800 11.10798454284668 10400
1770811675830 9.76093578338623 11200
1770811770371 11.989312171936035 12000
1770811865296 11.744648933410645 12800
1770811960088 12.409393310546875 13600
1770812054770 12.85521411895752 14400
1770812149805 11.661803245544434 15200
1770812245954 12.132095336914062 16000
1770812344130 12.818950653076172 16800
1770812438969 11.913206100463867 17600
1770812534003 11.398569107055664 18400
1770812629207 12.14293098449707 19200
1770812727539 11.252791404724121 20000
1770812820866 10.152250289916992 20800
1770812914031 11.930913925170898 21600
1770813010029 11.427811622619629 22400
1770813105961 12.478838920593262 23200
1770813201972 9.957328796386719 24000
1770813297466 11.085968017578125 24800
1770813391009 11.754647254943848 25600
1770813486340 10.604947090148926 26400
1770813581635 12.0398530960083 27200
1770813677251 10.5496826171875 28000
1770813772253 11.07452392578125 28800
1770813865949 11.545727729797363 29600
1770813959791 12.152288436889648 30400
1770814055309 13.022343635559082 31200
1770814150864 12.261930465698242 32000
1770814246432 13.837117195129395 32800
1770814342115 11.295561790466309 33600
1770814437755 12.194446563720703 34400
1770814533408 10.796330451965332 35200
1770814628836 11.793212890625 36000
1770814723210 12.547616958618164 36800
1770814817074 11.10427474975586 37600
1770814912630 11.148316383361816 38400
1770815008452 10.668797492980957 39200
1770815105123 11.006548881530762 40000
1770815201782 10.76803207397461 40800
1770815302078 11.05768871307373 41600
1770815397785 11.949821472167969 42400
1770815496754 11.160550117492676 43200
1770815592503 11.81220531463623 44000
1770815686610 11.42221736907959 44800
1770815782493 11.964268684387207 45600
1770815881716 12.04261302947998 46400
1770815977763 12.258362770080566 47200
1770816073567 10.748251914978027 48000
1770816169601 11.345383644104004 48800
1770816265600 11.718537330627441 49600
1770816361761 12.405166625976562 50400
1770816458099 11.755253791809082 51200
1770816554224 10.881949424743652 52000
1770816653296 12.852294921875 52800
1770816747966 11.581603050231934 53600
1770816844286 11.43308162689209 54400
1770816940247 11.16926383972168 55200
1770817037719 12.893555641174316 56000
1770817134123 11.56008529663086 56800
1770817231145 11.797137260437012 57600
1770817325804 12.601335525512695 58400
1770817422679 12.632994651794434 59200
1770817518879 12.050002098083496 60000
1770817618448 11.478412628173828 60800
1770817713240 10.14576244354248 61600
1770817809892 11.584188461303711 62400
1770817906773 11.206952095031738 63200
1770818006363 11.853586196899414 64000
1770818104430 11.80415153503418 64800
1770818205370 10.92414665222168 65600
1770818302037 11.562832832336426 66400
1770818398411 11.25361442565918 67200
1770818495264 12.804980278015137 68000
1770818595287 13.041988372802734 68800
1770818695145 11.432291984558105 69600
1770818792122 10.784189224243164 70400
1770818888920 11.114819526672363 71200
1770818988852 11.994229316711426 72000
1770819088924 9.867124557495117 72800
1770819189183 11.301905632019043 73600
1770819286085 12.529036521911621 74400
1770819383356 10.146875381469727 75200
1770819479918 12.888126373291016 76000
1770819577419 11.121190071105957 76800
1770819674751 11.465766906738281 77600
1770819771683 11.092686653137207 78400
1770819868899 12.107065200805664 79200
1770819965867 12.021740913391113 80000
1770820063933 12.72865104675293 80800
1770820161052 14.01225471496582 81600
1770820258299 11.204117774963379 82400
1770820356504 10.64093017578125 83200
1770820453821 12.764339447021484 84000
1770820549500 11.703660011291504 84800
1770820650184 11.008444786071777 85600
1770820750529 11.968710899353027 86400
1770820848127 11.851617813110352 87200
1770820948902 12.196728706359863 88000
1770821044549 11.113393783569336 88800
1770821141475 11.152677536010742 89600
1770821239261 11.869841575622559 90400
1770821336684 12.295323371887207 91200
1770821435240 10.795989990234375 92000
1770821535754 11.113470077514648 92800
1770821636839 11.454080581665039 93600
1770821734534 11.00724983215332 94400
1770821831878 11.757341384887695 95200
1770821932344 12.068047523498535 96000
1770822030839 11.563268661499023 96800
1770822128620 11.075739860534668 97600
1770822226661 11.138019561767578 98400
1770822323017 10.533480644226074 99200
1770822420597 11.611451148986816 100000
