1770810448025 -0.000806451600510627 800
1770810541858 -0.0003584229270927608 1600
1770810636719 -0.0006720430101267993 2400
1770810731220 0.0 3200
1770810824126 -0.0005824372638016939 4000
1770810918952 -0.00031362008303403854 4800
1770811015257 -0.0005824372638016939 5600
1770811108309 0.00026881720987148583 6400
1770811203040 0.00015681004151701927 7200
1770811298697 0.0004032258002553135 8000
1770811391846 0.000918458797968924 8800
1770811486952 0.0001904121891129762 9600
1770811582800 0.0001904121891129762 10400
1770811675830 0.00035282259341329336 11200
1770811770371 0.0006104390486143529 12000
1770811865296 0.00011760752386180684 12800
1770811960088 0.0006160394405014813 13600
1770812054770 0.0005152329686097801 14400
1770812149805 9.52060945564881e-05 15200
1770812245954 -0.0004928315174765885 16000
1770812344130 -0.0005208333604969084 16800
1770812438969 -8.540546696167439e-05 17600
1770812534003 -0.0006426411564461887 18400
1770812629207 0.0002044130815193057 19200
1770812727539 -5.040322503191419e-05 20000
1770812820866 -0.0001960125518962741 20800
1770812914031 -0.0008456541108898818 21600
1770813010029 0.00028561826911754906 22400
1770813105961 -0.0006216397741809487 23200
1770813201972 -0.0005572356749325991 24000
1770813297466 -0.00023241488088387996 24800
1770813391009 -0.00011200716835446656 25600
1770813486340 0.00011760752386180684 26400
1770813581635 0.0005600358708761632 27200
1770813677251 0.0005936379893682897 28000
1770813772253 0.000778449815697968 28800
1770813865949 0.00105846778023988 29600
1770813959791 0.00017361111531499773 30400
1770814055309 -0.0006664426764473319 31200
1770814150864 -7.560483936686069e-05 32000
1770814246432 -0.0005404346156865358 32800
1770814342115 -0.0002744175726547837 33600
1770814437755 0.00048723118379712105 34400
1770814533408 0.0004060259961988777 35200
1770814628836 -0.00047323029139079154 36000
1770814723210 -0.0003584229270927608 36800
1770814817074 0.0008316532475873828 37600
1770814912630 -0.0007168458541855216 38400
1770815008452 -0.000750448030885309 39200
1770815105123 0.0005600358708761632 40000
1770815201782 -0.00012600806076079607 40800
1770815302078 7.560483936686069e-05 41600
1770815397785 0.0002492159546818584 42400
1770815496754 -0.0005488351453095675 43200
1770815592503 -0.0006328404997475445 44000
1770815686610 -0.0002800179354380816 44800
1770815782493 -0.0005768369301222265 45600
1770815881716 -0.00026601701392792165 46400
1770815977763 -0.00034162186784669757 47200
1770816073567 -0.0006552419508807361 48000
1770816169601 0.0005152329686097801 48800
1770816265600 5.320340642356314e-05 49600
1770816361761 -0.00023801522911526263 50400
1770816458099 -0.0005068324389867485 51200
1770816554224 0.0001848118263296783 52000
1770816653296 0.00043122758506797254 52800
1770816747966 -0.0005180331645533442 53600
1770816844286 0.00046202956582419574 54400
1770816940247 -2.800179208861664e-05 55200
1770817037719 -0.0005096326349303126 56000
1770817134123 -0.0003584229270927608 56800
1770817231145 0.00030241935746744275 57600
1770817325804 -0.0007840502075850964 58400
1770817422679 0.0005320340278558433 59200
1770817518879 -2.5201612515957095e-05 60000
1770817618448 0.0007280465797521174 60800
1770817713240 -1.6801075616967864e-05 61600
1770817809892 -0.0008344533853232861 62400
1770817906773 0.0001400089677190408 63200
1770818006363 0.00047603045823052526 64000
1770818104430 0.0006608422845602036 64800
1770818205370 -0.00022121415531728417 65600
1770818302037 -0.0012404794106259942 66400
1770818398411 0.0005516352830454707 67200
1770818495264 0.001002464210614562 68000
1770818595287 -0.0004200268886052072 68800
1770818695145 -0.00035282259341329336 69600
1770818792122 -0.0006048387149348855 70400
1770818888920 0.00021281362569425255 71200
1770818988852 -0.00027721773949451745 72000
1770819088924 -0.000638440833427012 72800
1770819189183 0.0004256272513885051 73600
1770819286085 -0.00032762097544036806 74400
1770819383356 -2.240143294329755e-05 75200
1770819479918 0.00015400986012537032 76000
1770819577419 0.0001848118263296783 76800
1770819674751 0.00010920698696281761 77600
1770819771683 -0.0003556227602530271 78400
1770819868899 -0.00026321684708818793 79200
1770819965867 -2.8001791179121938e-06 80000
1770820063933 0.00030241935746744275 80800
1770820161052 -0.0005096326349303126 81600
1770820258299 0.0005488351453095675 82400
1770820356504 0.0005712365382350981 83200
1770820453821 0.00015120967873372138 84000
1770820549500 0.00034722223062999547 84800
1770820650184 -4.48028658865951e-05 85600
1770820750529 -0.0005208333604969084 86400
1770820848127 -0.0007280465797521174 87200
1770820948902 0.00026881720987148583 88000
1770821044549 -4.48028658865951e-05 88800
1770821141475 0.0005348342237994075 89600
1770821239261 0.0002744175726547837 90400
1770821336684 0.000918458797968924 91200
1770821435240 0.0003920251037925482 92000
1770821535754 0.00019321237050462514 92800
1770821636839 -0.00033602150506339967 93600
1770821734534 0.0007980510708875954 94400
1770821831878 -0.0003304211422801018 95200
1770821932344 0.00010920698696281761 96000
1770822030839 0.0010332660749554634 96800
1770822128620 -0.0007028449908830225 97600
1770822226661 9.52060945564881e-05 98400
1770822323017 -0.00028281810227781534 99200
1770822420597 0.0005600358708761632 100000
