1770810448025 4.05823402616079e-06 800
1770810541858 -0.002851822879165411 1600
1770810636719 -0.005399603862315416 2400
1770810731220 -0.007314817979931831 3200
1770810824126 -0.00857093371450901 4000
1770810918952 -0.009633365087211132 4800
1770811015257 -0.010123365558683872 5600
1770811108309 -0.011001307517290115 6400
1770811203040 -0.011602362617850304 7200
1770811298697 -0.0119102131575346 8000
1770811391846 -0.01258022803813219 8800
1770811486952 -0.012849316000938416 9600
1770811582800 -0.01321079209446907 10400
1770811675830 -0.013587309047579765 11200
1770811770371 -0.014053378254175186 12000
1770811865296 -0.014542629942297935 12800
1770811960088 -0.014657936990261078 13600
1770812054770 -0.014871872961521149 14400
1770812149805 -0.015373267233371735 15200
1770812245954 -0.015669213607907295 16000
1770812344130 -0.015997808426618576 16800
1770812438969 -0.016427159309387207 17600
1770812534003 -0.016779087483882904 18400
1770812629207 -0.017024975270032883 19200
1770812727539 -0.017543278634548187 20000
1770812820866 -0.018034229055047035 20800
1770812914031 -0.017974140122532845 21600
1770813010029 -0.017995687201619148 22400
1770813105961 -0.018099747598171234 23200
1770813201972 -0.0186467282474041 24000
1770813297466 -0.018861819058656693 24800
1770813391009 -0.018971823155879974 25600
1770813486340 -0.01919686794281006 26400
1770813581635 -0.019210873171687126 27200
1770813677251 -0.01959824189543724 28000
1770813772253 -0.019811850041151047 28800
1770813865949 -0.019872471690177917 29600
1770813959791 -0.019898302853107452 30400
1770814055309 -0.020009659230709076 31200
1770814150864 -0.020323988050222397 32000
1770814246432 -0.02030549943447113 32800
1770814342115 -0.020754056051373482 33600
1770814437755 -0.020720066502690315 34400
1770814533408 -0.021218325942754745 35200
1770814628836 -0.021282261237502098 36000
1770814723210 -0.021298272535204887 36800
1770814817074 -0.0215750802308321 37600
1770814912630 -0.021590810269117355 38400
1770815008452 -0.021959088742733 39200
1770815105123 -0.02212608978152275 40000
1770815201782 -0.022371016442775726 40800
1770815302078 -0.022411921992897987 41600
1770815397785 -0.022574853152036667 42400
1770815496754 -0.022939855232834816 43200
1770815592503 -0.023029925301671028 44000
1770815686610 -0.02327459491789341 44800
1770815782493 -0.023219922557473183 45600
1770815881716 -0.023383405059576035 46400
1770815977763 -0.023644709959626198 47200
1770816073567 -0.0239743422716856 48000
1770816169601 -0.024172738194465637 48800
1770816265600 -0.02391621842980385 49600
1770816361761 -0.0239005945622921 50400
1770816458099 -0.02409999817609787 51200
1770816554224 -0.024473898112773895 52000
1770816653296 -0.02452204003930092 52800
1770816747966 -0.02477545477449894 53600
1770816844286 -0.0249291080981493 54400
1770816940247 -0.025001846253871918 55200
1770817037719 -0.024993982166051865 56000
1770817134123 -0.025339504703879356 56800
1770817231145 -0.025409942492842674 57600
1770817325804 -0.025470037013292313 58400
1770817422679 -0.0256095752120018 59200
1770817518879 -0.02580440789461136 60000
1770817618448 -0.026197990402579308 60800
1770817713240 -0.02636692300438881 61600
1770817809892 -0.02637006901204586 62400
1770817906773 -0.026621300727128983 63200
1770818006363 -0.02666979283094406 64000
1770818104430 -0.026983436197042465 64800
1770818205370 -0.027111731469631195 65600
1770818302037 -0.027327589690685272 66400
1770818398411 -0.02737029269337654 67200
1770818495264 -0.02742590755224228 68000
1770818595287 -0.02760830707848072 68800
1770818695145 -0.027940763160586357 69600
1770818792122 -0.02797880955040455 70400
1770818888920 -0.028097689151763916 71200
1770818988852 -0.028245938941836357 72000
1770819088924 -0.028603484854102135 72800
1770819189183 -0.02838871069252491 73600
1770819286085 -0.028390632942318916 74400
1770819383356 -0.02879696898162365 75200
1770819479918 -0.02846681699156761 76000
1770819577419 -0.02877848409116268 76800
1770819674751 -0.028827035799622536 77600
1770819771683 -0.028894810006022453 78400
1770819868899 -0.028879938647150993 79200
1770819965867 -0.029064444825053215 80000
1770820063933 -0.029080713167786598 80800
1770820161052 -0.029290862381458282 81600
1770820258299 -0.029524002224206924 82400
1770820356504 -0.029652077704668045 83200
1770820453821 -0.029498567804694176 84000
1770820549500 -0.02982264570891857 84800
1770820650184 -0.030193785205483437 85600
1770820750529 -0.03028578869998455 86400
1770820848127 -0.03018946386873722 87200
1770820948902 -0.030131857842206955 88000
1770821044549 -0.030190784484148026 88800
1770821141475 -0.030257785692811012 89600
1770821239261 -0.030434923246502876 90400
1770821336684 -0.03048465959727764 91200
1770821435240 -0.030761344358325005 92000
1770821535754 -0.03090537153184414 92800
1770821636839 -0.03099210187792778 93600
1770821734534 -0.03106534294784069 94400
1770821831878 -0.03117194212973118 95200
1770821932344 -0.03129560872912407 96000
1770822030839 -0.03145509585738182 96800
1770822128620 -0.03152969852089882 97600
1770822226661 -0.03196395933628082 98400
1770822323017 -0.032154958695173264 99200
1770822420597 -0.03221400827169418 100000
