1770810448025 309.9616394042969 800
1770810541858 292.08905029296875 1600
1770810636719 263.19921875 2400
1770810731220 314.29638671875 3200
1770810824126 412.17327880859375 4000
1770810918952 356.19482421875 4800
1770811015257 447.377685546875 5600
1770811108309 418.0224609375 6400
1770811203040 532.83447265625 7200
1770811298697 592.8541870117188 8000
1770811391846 464.369384765625 8800
1770811486952 606.602294921875 9600
1770811582800 600.58837890625 10400
1770811675830 516.9969482421875 11200
1770811770371 657.7144775390625 12000
1770811865296 649.085693359375 12800
1770811960088 685.5652465820312 13600
1770812054770 712.7806396484375 14400
1770812149805 640.609130859375 15200
1770812245954 666.89453125 16000
1770812344130 706.32958984375 16800
1770812438969 647.6328125 17600
1770812534003 615.6575317382812 18400
1770812629207 666.2213134765625 19200
1770812727539 616.767333984375 20000
1770812820866 545.8917846679688 20800
1770812914031 648.95849609375 21600
1770813010029 616.07080078125 22400
1770813105961 679.999267578125 23200
1770813201972 535.509033203125 24000
1770813297466 603.4736328125 24800
1770813391009 639.8017578125 25600
1770813486340 575.8592529296875 26400
1770813581635 654.1142578125 27200
1770813677251 571.015625 28000
1770813772253 598.3988647460938 28800
1770813865949 623.85693359375 29600
1770813959791 664.232177734375 30400
1770814055309 717.118896484375 31200
1770814150864 672.0068359375 32000
1770814246432 762.3173828125 32800
1770814342115 614.611328125 33600
1770814437755 672.0089111328125 34400
1770814533408 587.129150390625 35200
1770814628836 647.428955078125 36000
1770814723210 692.5875244140625 36800
1770814817074 608.728515625 37600
1770814912630 609.41064453125 38400
1770815008452 583.613037109375 39200
1770815105123 601.9696044921875 40000
1770815201782 589.819580078125 40800
1770815302078 604.748291015625 41600
1770815397785 657.482177734375 42400
1770815496754 612.22705078125 43200
1770815592503 650.126220703125 44000
1770815686610 627.631103515625 44800
1770815782493 662.607421875 45600
1770815881716 663.2294921875 46400
1770815977763 677.838134765625 47200
1770816073567 590.9093017578125 48000
1770816169601 628.043701171875 48800
1770816265600 645.8533325195312 49600
1770816361761 690.18896484375 50400
1770816458099 647.4876708984375 51200
1770816554224 601.96826171875 52000
1770816653296 717.82958984375 52800
1770816747966 642.489013671875 53600
1770816844286 628.56982421875 54400
1770816940247 615.031005859375 55200
1770817037719 721.6921997070312 56000
1770817134123 639.8760986328125 56800
1770817231145 654.1717529296875 57600
1770817325804 703.2021484375 58400
1770817422679 706.89208984375 59200
1770817518879 669.950439453125 60000
1770817618448 632.683837890625 60800
1770817713240 549.2574462890625 61600
1770817809892 641.6064453125 62400
1770817906773 621.7701416015625 63200
1770818006363 658.2647705078125 64000
1770818104430 664.9741821289062 64800
1770818205370 603.509521484375 65600
1770818302037 647.760986328125 66400
1770818398411 625.3037109375 67200
1770818495264 725.53466796875 68000
1770818595287 733.83203125 68800
1770818695145 641.7198486328125 69600
1770818792122 600.9288330078125 70400
1770818888920 619.266357421875 71200
1770818988852 669.46240234375 72000
1770819088924 544.55810546875 72800
1770819189183 625.962646484375 73600
1770819286085 698.930908203125 74400
1770819383356 562.904296875 75200
1770819479918 719.8551025390625 76000
1770819577419 616.66845703125 76800
1770819674751 636.8115234375 77600
1770819771683 615.887939453125 78400
1770819868899 677.39990234375 79200
1770819965867 672.6456909179688 80000
1770820063933 715.3271484375 80800
1770820161052 795.046142578125 81600
1770820258299 626.37109375 82400
1770820356504 589.25927734375 83200
1770820453821 721.4135131835938 84000
1770820549500 658.914306640625 84800
1770820650184 613.154541015625 85600
1770820750529 674.60693359375 86400
1770820848127 663.06640625 87200
1770820948902 689.9786376953125 88000
1770821044549 617.3162841796875 88800
1770821141475 621.04296875 89600
1770821239261 665.5035400390625 90400
1770821336684 692.864501953125 91200
1770821435240 602.8975219726562 92000
1770821535754 618.5400390625 92800
1770821636839 644.230224609375 93600
1770821734534 610.5810546875 94400
1770821831878 657.241455078125 95200
1770821932344 678.74853515625 96000
1770822030839 648.207763671875 96800
1770822128620 620.285400390625 97600
1770822226661 622.5067138671875 98400
1770822323017 586.22119140625 99200
1770822420597 647.206298828125 100000
