1770810448025 0.00114413199480623 800
1770810541858 -0.0005810842849314213 1600
1770810636719 -0.001975290710106492 2400
1770810731220 -0.0036109827924519777 3200
1770810824126 -0.005035617854446173 4000
1770810918952 -0.006174860987812281 4800
1770811015257 -0.007081865798681974 5600
1770811108309 -0.008143944665789604 6400
1770811203040 -0.008649425581097603 7200
1770811298697 -0.008800535462796688 8000
1770811391846 -0.009574798867106438 8800
1770811486952 -0.00990157388150692 9600
1770811582800 -0.01049006823450327 10400
1770811675830 -0.011009475216269493 11200
1770811770371 -0.011474218219518661 12000
1770811865296 -0.01197571586817503 12800
1770811960088 -0.012064558453857899 13600
1770812054770 -0.012190764769911766 14400
1770812149805 -0.012585366144776344 15200
1770812245954 -0.01277814619243145 16000
1770812344130 -0.013132714666426182 16800
1770812438969 -0.013627761974930763 17600
1770812534003 -0.013945517130196095 18400
1770812629207 -0.014117470011115074 19200
1770812727539 -0.014577683992683887 20000
1770812820866 -0.015069049783051014 20800
1770812914031 -0.01510446984320879 21600
1770813010029 -0.015240779146552086 22400
1770813105961 -0.015261362306773663 23200
1770813201972 -0.015909580513834953 24000
1770813297466 -0.016073908656835556 24800
1770813391009 -0.016143184155225754 25600
1770813486340 -0.016585614532232285 26400
1770813581635 -0.016653914004564285 27200
1770813677251 -0.017163829877972603 28000
1770813772253 -0.017390603199601173 28800
1770813865949 -0.01757209189236164 29600
1770813959791 -0.017650414258241653 30400
1770814055309 -0.01768859103322029 31200
1770814150864 -0.01801326684653759 32000
1770814246432 -0.01801191084086895 32800
1770814342115 -0.01845252513885498 33600
1770814437755 -0.01842837780714035 34400
1770814533408 -0.019177978858351707 35200
1770814628836 -0.019296269863843918 36000
1770814723210 -0.019505074247717857 36800
1770814817074 -0.019732985645532608 37600
1770814912630 -0.019609443843364716 38400
1770815008452 -0.020303435623645782 39200
1770815105123 -0.02046564780175686 40000
1770815201782 -0.020628681406378746 40800
1770815302078 -0.020596161484718323 41600
1770815397785 -0.020930588245391846 42400
1770815496754 -0.021544089540839195 43200
1770815592503 -0.021567098796367645 44000
1770815686610 -0.021840522065758705 44800
1770815782493 -0.022002199664711952 45600
1770815881716 -0.022296741604804993 46400
1770815977763 -0.022734466940164566 47200
1770816073567 -0.022934144362807274 48000
1770816169601 -0.023198487237095833 48800
1770816265600 -0.02316313609480858 49600
1770816361761 -0.023109078407287598 50400
1770816458099 -0.023318761959671974 51200
1770816554224 -0.023789187893271446 52000
1770816653296 -0.02377380058169365 52800
1770816747966 -0.023924533277750015 53600
1770816844286 -0.024110404774546623 54400
1770816940247 -0.02434666082262993 55200
1770817037719 -0.02432890795171261 56000
1770817134123 -0.024590983986854553 56800
1770817231145 -0.0248095840215683 57600
1770817325804 -0.024960655719041824 58400
1770817422679 -0.025106681510806084 59200
1770817518879 -0.025425631552934647 60000
1770817618448 -0.025545164942741394 60800
1770817713240 -0.025698421522974968 61600
1770817809892 -0.02617417275905609 62400
1770817906773 -0.026548709720373154 63200
1770818006363 -0.02643526718020439 64000
1770818104430 -0.0267924964427948 64800
1770818205370 -0.026986854150891304 65600
1770818302037 -0.027249090373516083 66400
1770818398411 -0.027118774130940437 67200
1770818495264 -0.027308912947773933 68000
1770818595287 -0.027867089956998825 68800
1770818695145 -0.028011590242385864 69600
1770818792122 -0.028070740401744843 70400
1770818888920 -0.028143038973212242 71200
1770818988852 -0.028250325471162796 72000
1770819088924 -0.02880723588168621 72800
1770819189183 -0.02851155400276184 73600
1770819286085 -0.028569499030709267 74400
1770819383356 -0.029021237045526505 75200
1770819479918 -0.028938913717865944 76000
1770819577419 -0.029120104387402534 76800
1770819674751 -0.029369529336690903 77600
1770819771683 -0.029601264744997025 78400
1770819868899 -0.029790349304676056 79200
1770819965867 -0.029995400458574295 80000
1770820063933 -0.029743291437625885 80800
1770820161052 -0.03007112257182598 81600
1770820258299 -0.030069170519709587 82400
1770820356504 -0.03030886873602867 83200
1770820453821 -0.030276484787464142 84000
1770820549500 -0.030561987310647964 84800
1770820650184 -0.030927609652280807 85600
1770820750529 -0.03105299361050129 86400
1770820848127 -0.0310383141040802 87200
1770820948902 -0.031094059348106384 88000
1770821044549 -0.0308992899954319 88800
1770821141475 -0.031315699219703674 89600
1770821239261 -0.03140781447291374 90400
1770821336684 -0.03136754781007767 91200
1770821435240 -0.031999025493860245 92000
1770821535754 -0.03187289088964462 92800
1770821636839 -0.031816672533750534 93600
1770821734534 -0.031710147857666016 94400
1770821831878 -0.031727392226457596 95200
1770821932344 -0.03214101120829582 96000
1770822030839 -0.03233574703335762 96800
1770822128620 -0.032531242817640305 97600
1770822226661 -0.03267000988125801 98400
1770822323017 -0.0327962301671505 99200
1770822420597 -0.0331205315887928 100000
