1770810448025 21.47253006696701 800
1770810541858 20.838244259357452 1600
1770810636719 20.42585462331772 2400
1770810731220 19.9471116065979 3200
1770810824126 19.625531136989594 4000
1770810918952 19.31857466697693 4800
1770811015257 19.215035438537598 5600
1770811108309 18.993112444877625 6400
1770811203040 19.12223994731903 7200
1770811298697 19.296973943710327 8000
1770811391846 18.888060748577118 8800
1770811486952 19.351381063461304 9600
1770811582800 19.338372349739075 10400
1770811675830 19.14127767086029 11200
1770811770371 19.65033859014511 12000
1770811865296 19.538481533527374 12800
1770811960088 19.725482165813446 13600
1770812054770 19.874832034111023 14400
1770812149805 19.481918215751648 15200
1770812245954 19.639095664024353 16000
1770812344130 19.90368813276291 16800
1770812438969 19.655637443065643 17600
1770812534003 19.537852704524994 18400
1770812629207 19.727599620819092 19200
1770812727539 19.47021782398224 20000
1770812820866 19.266092777252197 20800
1770812914031 19.769275188446045 21600
1770813010029 19.673670828342438 22400
1770813105961 19.892020523548126 23200
1770813201972 19.311784207820892 24000
1770813297466 19.458311796188354 24800
1770813391009 19.60228532552719 25600
1770813486340 19.32937800884247 26400
1770813581635 19.736109673976898 27200
1770813677251 19.423052668571472 28000
1770813772253 19.567231833934784 28800
1770813865949 19.65104341506958 29600
1770813959791 19.782422482967377 30400
1770814055309 20.08737623691559 31200
1770814150864 19.77163255214691 32000
1770814246432 20.275478065013885 32800
1770814342115 19.390736520290375 33600
1770814437755 19.609902799129486 34400
1770814533408 19.253510236740112 35200
1770814628836 19.52471435070038 36000
1770814723210 19.781604409217834 36800
1770814817074 19.396518170833588 37600
1770814912630 19.342857599258423 38400
1770815008452 19.317728281021118 39200
1770815105123 19.372765719890594 40000
1770815201782 19.30607408285141 40800
1770815302078 19.376756250858307 41600
1770815397785 19.651541113853455 42400
1770815496754 19.44812536239624 43200
1770815592503 19.586564600467682 44000
1770815686610 19.559326767921448 44800
1770815782493 19.738927483558655 45600
1770815881716 19.667932391166687 46400
1770815977763 19.704966247081757 47200
1770816073567 19.33416575193405 48000
1770816169601 19.482789933681488 48800
1770816265600 19.63248997926712 49600
1770816361761 19.78568583726883 50400
1770816458099 19.538693130016327 51200
1770816554224 19.39222663640976 52000
1770816653296 19.953952729701996 52800
1770816747966 19.54662650823593 53600
1770816844286 19.44344788789749 54400
1770816940247 19.476306438446045 55200
1770817037719 19.91625726222992 56000
1770817134123 19.49075758457184 56800
1770817231145 19.583232700824738 57600
1770817325804 19.851304590702057 58400
1770817422679 19.818364083766937 59200
1770817518879 19.64230388402939 60000
1770817618448 19.445320963859558 60800
1770817713240 19.058707356452942 61600
1770817809892 19.506731629371643 62400
1770817906773 19.35950219631195 63200
1770818006363 19.540703296661377 64000
1770818104430 19.483909010887146 64800
1770818205370 19.23900693655014 65600
1770818302037 19.4225937128067 66400
1770818398411 19.31263655424118 67200
1770818495264 19.88615244626999 68000
1770818595287 20.01575082540512 68800
1770818695145 19.39472258090973 69600
1770818792122 19.210001826286316 70400
1770818888920 19.30914968252182 71200
1770818988852 19.632138311862946 72000
1770819088924 19.03569847345352 72800
1770819189183 19.376954436302185 73600
1770819286085 19.79529559612274 74400
1770819383356 19.071495532989502 75200
1770819479918 19.87328827381134 76000
1770819577419 19.33550387620926 76800
1770819674751 19.426369667053223 77600
1770819771683 19.286683201789856 78400
1770819868899 19.594502449035645 79200
1770819965867 19.59787905216217 80000
1770820063933 19.798865914344788 80800
1770820161052 20.329098403453827 81600
1770820258299 19.264233112335205 82400
1770820356504 19.10056620836258 83200
1770820453821 19.7633296251297 84000
1770820549500 19.412487745285034 84800
1770820650184 19.204212725162506 85600
1770820750529 19.535942375659943 86400
1770820848127 19.45972740650177 87200
1770820948902 19.559454917907715 88000
1770821044549 19.132184982299805 88800
1770821141475 19.220899045467377 89600
1770821239261 19.46074068546295 90400
1770821336684 19.59456354379654 91200
1770821435240 19.12233680486679 92000
1770821535754 19.194209575653076 92800
1770821636839 19.297175109386444 93600
1770821734534 19.13507729768753 94400
1770821831878 19.37704086303711 95200
1770821932344 19.509808719158173 96000
1770822030839 19.3412184715271 96800
1770822128620 19.218502938747406 97600
1770822226661 19.23539787530899 98400
1770822323017 19.020237028598785 99200
1770822420597 19.35933381319046 100000
