1770810448025 2218.83935546875 800
1770810541858 2195.24609375 1600
1770810636719 2183.154052734375 2400
1770810731220 2178.60791015625 3200
1770810824126 2176.60107421875 4000
1770810918952 2180.444091796875 4800
1770811015257 2181.51904296875 5600
1770811108309 2191.18212890625 6400
1770811203040 2191.232666015625 7200
1770811298697 2197.10107421875 8000
1770811391846 2219.693359375 8800
1770811486952 2220.3349609375 9600
1770811582800 2232.5400390625 10400
1770811675830 2257.2939453125 11200
1770811770371 2244.555419921875 12000
1770811865296 2239.701416015625 12800
1770811960088 2241.459228515625 13600
1770812054770 2245.7548828125 14400
1770812149805 2245.597412109375 15200
1770812245954 2253.3271484375 16000
1770812344130 2259.93994140625 16800
1770812438969 2270.841552734375 17600
1770812534003 2275.04345703125 18400
1770812629207 2266.104248046875 19200
1770812727539 2264.533447265625 20000
1770812820866 2276.409912109375 20800
1770812914031 2282.478271484375 21600
1770813010029 2296.56005859375 22400
1770813105961 2283.2421875 23200
1770813201972 2299.091552734375 24000
1770813297466 2278.135009765625 24800
1770813391009 2274.59228515625 25600
1770813486340 2284.51806640625 26400
1770813581635 2281.459716796875 27200
1770813677251 2296.543212890625 28000
1770813772253 2293.04296875 28800
1770813865949 2291.982177734375 29600
1770813959791 2287.058349609375 30400
1770814055309 2289.342041015625 31200
1770814150864 2280.0107421875 32000
1770814246432 2265.726806640625 32800
1770814342115 2269.3017578125 33600
1770814437755 2257.559814453125 34400
1770814533408 2269.90966796875 35200
1770814628836 2261.48974609375 36000
1770814723210 2264.302978515625 36800
1770814817074 2280.485595703125 37600
1770814912630 2275.96484375 38400
1770815008452 2284.982177734375 39200
1770815105123 2276.486083984375 40000
1770815201782 2275.91943359375 40800
1770815302078 2277.734619140625 41600
1770815397785 2273.466552734375 42400
1770815496754 2279.8857421875 43200
1770815592503 2271.2578125 44000
1770815686610 2285.234619140625 44800
1770815782493 2289.630126953125 45600
1770815881716 2276.1162109375 46400
1770815977763 2265.5 47200
1770816073567 2281.051513671875 48000
1770816169601 2273.404052734375 48800
1770816265600 2286.944580078125 49600
1770816361761 2278.752197265625 50400
1770816458099 2276.688720703125 51200
1770816554224 2291.554443359375 52000
1770816653296 2275.98291015625 52800
1770816747966 2281.133544921875 53600
1770816844286 2275.5625 54400
1770816940247 2293.075927734375 55200
1770817037719 2268.58837890625 56000
1770817134123 2272.927490234375 56800
1770817231145 2280.3330078125 57600
1770817325804 2276.0810546875 58400
1770817422679 2266.95361328125 59200
1770817518879 2273.893310546875 60000
1770817618448 2266.72412109375 60800
1770817713240 2279.3134765625 61600
1770817809892 2278.55224609375 62400
1770817906773 2273.22265625 63200
1770818006363 2267.873779296875 64000
1770818104430 2251.8740234375 64800
1770818205370 2266.41455078125 65600
1770818302037 2255.175537109375 66400
1770818398411 2258.8935546875 67200
1770818495264 2250.933837890625 68000
1770818595287 2252.581298828125 68800
1770818695145 2252.686279296875 69600
1770818792122 2263.4794921875 70400
1770818888920 2258.055419921875 71200
1770818988852 2259.158935546875 72000
1770819088924 2274.889404296875 72800
1770819189183 2274.23974609375 73600
1770819286085 2271.267578125 74400
1770819383356 2276.646728515625 75200
1770819479918 2265.223388671875 76000
1770819577419 2272.083984375 76800
1770819674751 2270.715576171875 77600
1770819771683 2272.029052734375 78400
1770819868899 2266.618408203125 79200
1770819965867 2268.29345703125 80000
1770820063933 2256.6083984375 80800
1770820161052 2238.951904296875 81600
1770820258299 2256.02734375 82400
1770820356504 2260.264404296875 83200
1770820453821 2254.03515625 84000
1770820549500 2255.1669921875 84800
1770820650184 2257.207275390625 85600
1770820750529 2251.647216796875 86400
1770820848127 2260.4619140625 87200
1770820948902 2255.958251953125 88000
1770821044549 2264.130615234375 88800
1770821141475 2275.21533203125 89600
1770821239261 2268.775390625 90400
1770821336684 2263.680419921875 91200
1770821435240 2271.618408203125 92000
1770821535754 2263.713623046875 92800
1770821636839 2259.40234375 93600
1770821734534 2266.85546875 94400
1770821831878 2261.263671875 95200
1770821932344 2262.601806640625 96000
1770822030839 2266.7783203125 96800
1770822128620 2276.614013671875 97600
1770822226661 2258.613525390625 98400
1770822323017 2257.0908203125 99200
1770822420597 2253.614501953125 100000
