1770810448025 0.9958019256591797 800
1770810541858 0.9947428107261658 1600
1770810636719 0.9939773678779602 2400
1770810731220 0.9929205775260925 3200
1770810824126 0.9917501211166382 4000
1770810918952 0.990582287311554 4800
1770811015257 0.9892608523368835 5600
1770811108309 0.9877262115478516 6400
1770811203040 0.9864611029624939 7200
1770811298697 0.9857951402664185 8000
1770811391846 0.9848037362098694 8800
1770811486952 0.9836497902870178 9600
1770811582800 0.9826022386550903 10400
1770811675830 0.9815972447395325 11200
1770811770371 0.9804558753967285 12000
1770811865296 0.9797489047050476 12800
1770811960088 0.9795251488685608 13600
1770812054770 0.9791423082351685 14400
1770812149805 0.9785652756690979 15200
1770812245954 0.9782981276512146 16000
1770812344130 0.9774782061576843 16800
1770812438969 0.9770156145095825 17600
1770812534003 0.976492166519165 18400
1770812629207 0.976089596748352 19200
1770812727539 0.9754000902175903 20000
1770812820866 0.9747180938720703 20800
1770812914031 0.9742267727851868 21600
1770813010029 0.9736488461494446 22400
1770813105961 0.9735919833183289 23200
1770813201972 0.972639799118042 24000
1770813297466 0.9721688628196716 24800
1770813391009 0.9718999266624451 25600
1770813486340 0.9712497591972351 26400
1770813581635 0.9710285663604736 27200
1770813677251 0.970341145992279 28000
1770813772253 0.969804048538208 28800
1770813865949 0.9695276618003845 29600
1770813959791 0.9694193005561829 30400
1770814055309 0.9689345359802246 31200
1770814150864 0.9682313203811646 32000
1770814246432 0.9680116176605225 32800
1770814342115 0.9674293398857117 33600
1770814437755 0.9670019149780273 34400
1770814533408 0.9661378860473633 35200
1770814628836 0.9655612111091614 36000
1770814723210 0.9649507999420166 36800
1770814817074 0.9646467566490173 37600
1770814912630 0.9647358655929565 38400
1770815008452 0.9636683464050293 39200
1770815105123 0.9633063077926636 40000
1770815201782 0.9629560112953186 40800
1770815302078 0.9628443717956543 41600
1770815397785 0.9622670412063599 42400
1770815496754 0.9612792134284973 43200
1770815592503 0.961287260055542 44000
1770815686610 0.9607775807380676 44800
1770815782493 0.9603366255760193 45600
1770815881716 0.9596116542816162 46400
1770815977763 0.9588311910629272 47200
1770816073567 0.9586728811264038 48000
1770816169601 0.9578497409820557 48800
1770816265600 0.9575129747390747 49600
1770816361761 0.9574398398399353 50400
1770816458099 0.9572152495384216 51200
1770816554224 0.956708550453186 52000
1770816653296 0.9566426277160645 52800
1770816747966 0.9561166763305664 53600
1770816844286 0.9557583928108215 54400
1770816940247 0.9553266167640686 55200
1770817037719 0.9551470279693604 56000
1770817134123 0.9548711776733398 56800
1770817231145 0.9546084403991699 57600
1770817325804 0.9542801976203918 58400
1770817422679 0.9536868333816528 59200
1770817518879 0.9530858993530273 60000
1770817618448 0.9529410004615784 60800
1770817713240 0.9527564644813538 61600
1770817809892 0.9518556594848633 62400
1770817906773 0.9512619376182556 63200
1770818006363 0.9510759115219116 64000
1770818104430 0.9504258036613464 64800
1770818205370 0.9500479698181152 65600
1770818302037 0.9495983123779297 66400
1770818398411 0.949583888053894 67200
1770818495264 0.9489817023277283 68000
1770818595287 0.9479292035102844 68800
1770818695145 0.9478417634963989 69600
1770818792122 0.9473194479942322 70400
1770818888920 0.9470995664596558 71200
1770818988852 0.9466044306755066 72000
1770819088924 0.9459264278411865 72800
1770819189183 0.946241021156311 73600
1770819286085 0.9460110664367676 74400
1770819383356 0.9456177353858948 75200
1770819479918 0.945536732673645 76000
1770819577419 0.9450513124465942 76800
1770819674751 0.9444001913070679 77600
1770819771683 0.9442254900932312 78400
1770819868899 0.9436696767807007 79200
1770819965867 0.9432970285415649 80000
1770820063933 0.9431996941566467 80800
1770820161052 0.9428423643112183 81600
1770820258299 0.9428107738494873 82400
1770820356504 0.9424229860305786 83200
1770820453821 0.9422191381454468 84000
1770820549500 0.9420349597930908 84800
1770820650184 0.9416808485984802 85600
1770820750529 0.9413295388221741 86400
1770820848127 0.9412387013435364 87200
1770820948902 0.9410548806190491 88000
1770821044549 0.9411933422088623 88800
1770821141475 0.9405990242958069 89600
1770821239261 0.9400891065597534 90400
1770821336684 0.9401938319206238 91200
1770821435240 0.9391982555389404 92000
1770821535754 0.9387494325637817 92800
1770821636839 0.9386053085327148 93600
1770821734534 0.938660204410553 94400
1770821831878 0.9384941458702087 95200
1770821932344 0.9378985166549683 96000
1770822030839 0.9374837279319763 96800
1770822128620 0.9370128512382507 97600
1770822226661 0.9364275932312012 98400
1770822323017 0.93623286485672 99200
1770822420597 0.9356298446655273 100000
