1770810448025 40807.53125 800
1770810541858 39674.8203125 1600
1770810636719 39684.98046875 2400
1770810731220 40018.56640625 3200
1770810824126 40210.6484375 4000
1770810918952 40718.85546875 4800
1770811015257 40849.453125 5600
1770811108309 41200.015625 6400
1770811203040 41364.69921875 7200
1770811298697 41576.59375 8000
1770811391846 41992.49609375 8800
1770811486952 42142.19140625 9600
1770811582800 42374.671875 10400
1770811675830 42641.2734375 11200
1770811770371 42646.9453125 12000
1770811865296 42646.37890625 12800
1770811960088 42707.54296875 13600
1770812054770 42782.15625 14400
1770812149805 42746.37109375 15200
1770812245954 42884.83984375 16000
1770812344130 43040.2109375 16800
1770812438969 43132.6875 17600
1770812534003 43155.78125 18400
1770812629207 43089.9296875 19200
1770812727539 43087.55078125 20000
1770812820866 43191.9296875 20800
1770812914031 43268.1953125 21600
1770813010029 43368.015625 22400
1770813105961 43221.0390625 23200
1770813201972 43307.2265625 24000
1770813297466 43137.82421875 24800
1770813391009 43074.1015625 25600
1770813486340 43111.45703125 26400
1770813581635 43106.5625 27200
1770813677251 43212.94921875 28000
1770813772253 43204.2578125 28800
1770813865949 43131.3671875 29600
1770813959791 43038.62109375 30400
1770814055309 43074.84375 31200
1770814150864 42939.43359375 32000
1770814246432 42790.625 32800
1770814342115 42758.28515625 33600
1770814437755 42591.74609375 34400
1770814533408 42721.91015625 35200
1770814628836 42632.77734375 36000
1770814723210 42650.5390625 36800
1770814817074 42761.55859375 37600
1770814912630 42674.33203125 38400
1770815008452 42786.05078125 39200
1770815105123 42704.609375 40000
1770815201782 42690.82421875 40800
1770815302078 42693.9296875 41600
1770815397785 42661.921875 42400
1770815496754 42700.4609375 43200
1770815592503 42582.7890625 44000
1770815686610 42685.43359375 44800
1770815782493 42705.28125 45600
1770815881716 42545.9296875 46400
1770815977763 42396.93359375 47200
1770816073567 42580.2734375 48000
1770816169601 42480.99609375 48800
1770816265600 42580.00390625 49600
1770816361761 42474.56640625 50400
1770816458099 42425.69921875 51200
1770816554224 42564.01171875 52000
1770816653296 42431.3203125 52800
1770816747966 42470.3125 53600
1770816844286 42381.92578125 54400
1770816940247 42554.4765625 55200
1770817037719 42288.62890625 56000
1770817134123 42325.84765625 56800
1770817231145 42380.13671875 57600
1770817325804 42329.62890625 58400
1770817422679 42200.921875 59200
1770817518879 42266.515625 60000
1770817618448 42184.19140625 60800
1770817713240 42236.31640625 61600
1770817809892 42207.78125 62400
1770817906773 42125.34765625 63200
1770818006363 42082.7734375 64000
1770818104430 41849.38671875 64800
1770818205370 42033.26171875 65600
1770818302037 41879.3046875 66400
1770818398411 41917.62890625 67200
1770818495264 41785.7734375 68000
1770818595287 41806.76953125 68800
1770818695145 41795.53515625 69600
1770818792122 41924.07421875 70400
1770818888920 41870.078125 71200
1770818988852 41883.609375 72000
1770819088924 42021.72265625 72800
1770819189183 41957.90234375 73600
1770819286085 41921.765625 74400
1770819383356 41972.203125 75200
1770819479918 41807.30078125 76000
1770819577419 41905.89453125 76800
1770819674751 41873.91796875 77600
1770819771683 41865.6015625 78400
1770819868899 41755.03515625 79200
1770819965867 41800.7578125 80000
1770820063933 41665.3515625 80800
1770820161052 41322.40234375 81600
1770820258299 41641.27734375 82400
1770820356504 41681.1171875 83200
1770820453821 41538.20703125 84000
1770820549500 41574.21875 84800
1770820650184 41630.7578125 85600
1770820750529 41566.22265625 86400
1770820848127 41625.46484375 87200
1770820948902 41536.3125 88000
1770821044549 41617.203125 88800
1770821141475 41771.47265625 89600
1770821239261 41718.66796875 90400
1770821336684 41676.58984375 91200
1770821435240 41761.45703125 92000
1770821535754 41648.5 92800
1770821636839 41597.7265625 93600
1770821734534 41689.11328125 94400
1770821831878 41592.6015625 95200
1770821932344 41607.7578125 96000
1770822030839 41658.453125 96800
1770822128620 41733.9765625 97600
1770822226661 41535.3515625 98400
1770822323017 41488.2734375 99200
1770822420597 41445.171875 100000
